aa=dbscan_1(S,3,0.04)


     1     2
     1     1
     1     1
     1     2
     1     2
     2     2
     2     3
     2     3
     2     2
     2     2
     2     3
     2     2
     2     2
     3     2
     3     2
     3     2
     3     2
     4     2
     4     4
     4     4
     4     4
     4     4
     4     4
     4     4
     4     4
     4     4
     4     4
     4     4
     4     4
     4     2
     1     2
     1     2
     1     2
     1     1
     1     1
     2     3
     2     3
     2     3
     2     2
     2     2
     2     2
     2     2
     2     3
     2     2
     3     2
     3     2
     3     2
     3     2
     4     4
     4     4
     4     4
     4     4
     4     4
     4     4
     4     2
     4     2
     4     4
     4     4
     4     4
     4     2