
     1     1     1     1
     0     1     1     3
     1     1     1     1
     1     1     1     1
     1     1     1     1
     1     1     1     1
     1     1     1     1
     1     1     1     1
     0     1     1     1
     1     1     1     1
     0     1     1     3
     0     1     1     3
     0     1     1     3
     1     1     1     1
     1     1     1     1
     2     1     1     2
     1     1     1     1
     1     1     1     1
     1     1     1     1
     1     1     1     1
     1     1     1     1
     1     1     1     1
     1     1     1     1
     1     1     1     1
     1     1     1     1
     1     1     1     1
     0     1     1     1
     1     1     1     1
     0     1     1     3
     1     1     1     1
     1     1     1     1
     1     1     1     1
     1     1     1     1
     0     1     1     3
     1     1     1     1
     1     1     1     1
     1     1     1     1
     1     1     1     1
     1     1     1     1
     1     1     1     1
     1     1     1     1
     1     1     1     1
     1     1     1     1
     1     1     1     1
     1     1     1     1
     0     1     1     3
     1     1     1     1
     1     1     1     1
     1     1     1     1
     0     1     1     3
     1     1     1     1
     1     1     1     1
     0     1     1     4
     1     1     1     1
     1     1     1     1
     1     1     1     1
     1     1     1     1
     1     1     1     1
     0     1     1     3
     1     1     1     1
     1     1     1     1
     1     1     1     1
     1     1     1     1
     0     1     1     3
     1     1     1     1
     1     1     1     1
     1     1     1     1
     0     1     1     3
     1     1     1     1
     1     1     1     1
     1     1     1     1
     1     1     1     1
     1     1     1     1
     1     1     1     1
     1     1     1     1
     2     1     1     2
     0     1     1     3
     1     1     1     1
     1     1     1     1
     1     1     1     1
     0     1     1     1
     1     1     1     1
     1     1     1     1
     1     1     1     1
     0     1     1     3
     1     1     1     1
     1     1     1     1
     1     1     1     1
     0     1     1     3
     1     1     1     1
     1     1     1     1
     1     1     1     1
     1     1     1     1
     1     1     1     1
     1     1     1     1
     1     1     1     1
     1     1     1     1
     1     1     1     1
     1     1     1     1
     0     1     1     3
     3     2     3     3
     3     2     3     3
     3     2     3     3
     3     2     3     3
     3     2     3     3
     3     2     3     3
     3     2     3     3
     3     2     3     3
     0     2     3     5
     3     2     3     3
     3     2     3     3
     3     2     3     3
     3     2     3     3
     3     2     3     3
     3     2     3     3
     3     2     3     3
     0     2     3     5
     3     2     3     3
     3     2     3     3
     3     2     3     3
     3     2     3     3
     3     2     3     3
     3     2     3     3
     3     2     3     3
     3     2     3     3
     0     2     3     5
     0     2     3     5
     3     2     3     3
     3     2     3     3
     3     2     3     3
     0     2     3     5
     3     2     3     3
     3     2     3     3
     3     2     3     3
     3     2     3     3
     3     2     3     3
     0     2     3     5
     4     2     3     4
     3     2     3     3
     3     2     3     3
     3     2     3     3
     3     2     3     3
     3     2     3     3
     0     2     3     5
     3     2     3     3
     3     2     3     3
     3     2     3     3
     3     2     3     3
     3     2     3     3
     3     2     3     3
     3     2     3     3
     3     2     3     3
     4     2     3     4
     3     2     3     3
     3     2     3     3
     3     2     3     3
     3     2     3     3
     3     2     3     3
     3     2     3     3
     0     2     3    30
     3     2     3     3
     3     2     3     3
     0     2     3     5
     3     2     3     3
     3     2     3     3
     3     2     3     3
     3     2     3     3
     3     2     3     3
     3     2     3     3
     3     2     3     3
     3     2     3     3
     3     2     3     3
     3     2     3     3
     3     2     3     3
     0     2     3     5
     3     2     3     3
     3     2     3     3
     3     2     3     3
     3     2     3     3
     3     2     3     3
     0     2     3     5
     3     2     3     3
     3     2     3     3
     3     2     3     3
     3     2     3     3
     0     2     3     5
     3     2     3     3
     3     2     3     3
     3     2     3     3
     3     2     3     3
     3     2     3     3
     3     2     3     3
     3     2     3     3
     3     2     3     3
    15     2     3    15
     3     2     3     3
     3     2     3     3
     3     2     3     3
     3     2     3     3
     3     2     3     3
     5     3     5     5
     5     3     5     5
     5     3     5     5
     5     3     5     5
     5     3     5     5
     5     3     5     5
     5     3     5     5
     5     3     5     5
     5     3     5     5
     5     3     5     5
     5     3     5     5
     5     3     5     5
     5     3     5     5
     5     3     5     5
     5     3     5     5
     5     3     5     5
     5     3     5     5
     5     3     5     5
     5     3     5     5
     5     3     5     5
     5     3     5     5
     5     3     5     5
     5     3     5     5
     5     3     5     5
     5     3     5     5
     5     3     5     5
     5     3     5     5
     5     3     5     5
     5     3     5     5
     5     3     5     5
     5     3     5     5
     5     3     5     5
     5     3     5     5
     0     3     5     6
     5     3     5     5
     5     3     5     5
     5     3     5     5
     5     3     5     5
     5     3     5     5
     5     3     5     5
     0     3     5     6
     5     3     5     5
     0     3     5     6
     5     3     5     5
     5     3     5     5
     5     3     5     5
     5     3     5     5
     5     3     5     5
    20     3     5    20
     0     3     5     5
     5     3     5     5
     5     3     5     5
     5     3     5     5
     5     3     5     5
     5     3     5     5
     5     3     5     5
     5     3     5     5
     5     3     5     5
     0     3     5     6
    30     3     5    30
     5     3     5     5
     5     3     5     5
     5     3     5     5
     5     3     5     5
     5     3     5     5
     5     3     5     5
     5     3     5     5
     5     3     5     5
     5     3     5     5
     5     3     5     5
     5     3     5     5
     0     3     5     6
     5     3     5     5
     5     3     5     5
     5     3     5     5
     5     3     5     5
     5     3     5     5
     5     3     5     5
     5     3     5     5
     5     3     5     5
     5     3     5     5
     5     3     5     5
     5     3     5     5
    20     3     5    20
     5     3     5     5
     5     3     5     5
     5     3     5     5
     0     3     5     6
     5     3     5     5
     5     3     5     5
     5     3     5     5
     5     3     5     5
     5     3     5     5
     5     3     5     5
     5     3     5     5
     5     3     5     5
     5     3     5     5
     5     3     5     5
     5     3     5     5
     5     3     5     5
     6     4     6     6
     6     4     6     6
     6     4     6     6
     6     4     6     6
     6     4     6     6
     6     4     6     6
     6     4     6     6
     6     4     6     6
     0     4     6     7
     6     4     6     6
     6     4     6     6
    24     4     6    24
     6     4     6     6
     6     4     6     6
     6     4     6     6
     6     4     6     6
     6     4     6     6
     6     4     6     6
     6     4     6     6
     6     4     6     6
     6     4     6     6
     6     4     6     6
     6     4     6     6
     6     4     6     6
     6     4     6     6
     0     4     6     7
     6     4     6     6
     6     4     6     6
     6     4     6     6
     6     4     6     6
     6     4     6     6
     6     4     6     6
     6     4     6     6
     6     4     6     6
     6     4     6     6
     6     4     6     6
     6     4     6     6
     6     4     6     6
     6     4     6     6
     0     4     6     7
     6     4     6     6
     0     4     6     7
     6     4     6     6
     6     4     6     6
     6     4     6     6
     6     4     6     6
     6     4     6     6
     6     4     6     6
     6     4     6     6
     0     4     6     7
     6     4     6     6
     6     4     6     6
    24     4     6    24
     0     4     6     7
     6     4     6     6
     6     4     6     6
     6     4     6     6
     6     4     6     6
     6     4     6     6
     6     4     6     6
     6     4     6     6
     6     4     6     6
     6     4     6     6
     6     4     6     6
     6     4     6     6
     6     4     6     6
     6     4     6     6
     6     4     6     6
     6     4     6     6
     6     4     6     6
     0     4     6    31
     6     4     6     6
     6     4     6     6
     6     4     6     6
     6     4     6     6
     6     4     6     6
     0     4     6     7
     0     4     6     7
     6     4     6     6
     6     4     6     6
     6     4     6     6
     6     4     6     6
     6     4     6     6
     6     4     6     6
     6     4     6     6
     6     4     6     6
     6     4     6     6
     6     4     6     6
     6     4     6     6
     6     4     6     6
     6     4     6     6
    25     4     6    25
     6     4     6     6
     6     4     6     6
     6     4     6     6
     6     4     6     6
     6     4     6     6
     6     4     6     6
     6     4     6     6
     6     4     6     6
     0     5     7     8
     7     5     7     7
     7     5     7     7
     7     5     7     7
     0     5     7     8
     7     5     7     7
     7     5     7     7
     7     5     7     7
     7     5     7     7
     7     5     7     7
     0     5     7     7
     7     5     7     7
     7     5     7     7
     7     5     7     7
     7     5     7     7
     7     5     7     7
     7     5     7     7
     7     5     7     7
     7     5     7     7
     7     5     7     7
     7     5     7     7
     7     5     7     7
     7     5     7     7
     0     5     7     8
     7     5     7     7
     7     5     7     7
     7     5     7     7
     7     5     7     7
     7     5     7     7
     7     5     7     7
     7     5     7     7
     0     5     7     8
     7     5     7     7
     7     5     7     7
     7     5     7     7
     7     5     7     7
     7     5     7     7
     7     5     7     7
     7     5     7     7
     7     5     7     7
     0     5     7     8
     7     5     7     7
     0     5     7     8
     7     5     7     7
     7     5     7     7
     7     5     7     7
     7     5     7     7
     7     5     7     7
     7     5     7     7
     7     5     7     7
     7     5     7     7
     7     5     7     7
     7     5     7     7
     7     5     7     7
     7     5     7     7
     7     5     7     7
     0     5     7     8
     0     5     7     8
     7     5     7     7
     7     5     7     7
     7     5     7     7
     7     5     7     7
     0     5     7     7
     7     5     7     7
     7     5     7     7
    31     5     7    31
     7     5     7     7
     0     5     7     8
     7     5     7     7
     7     5     7     7
    31     5     7    31
     7     5     7     7
     0     5     7     8
     7     5     7     7
     7     5     7     7
     7     5     7     7
     7     5     7     7
     7     5     7     7
     7     5     7     7
     7     5     7     7
     7     5     7     7
     7     5     7     7
     7     5     7     7
     7     5     7     7
     7     5     7     7
     7     5     7     7
     7     5     7     7
     7     5     7     7
     7     5     7     7
     0     5     7     8
     7     5     7     7
     7     5     7     7
     7     5     7     7
     7     5     7     7
     7     5     7     7
    31     5     7    31
     7     5     7     7
     7     5     7     7
     0     5     7     8
     7     5     7     7
     8     6     8     8
     8     6     8     8
     8     6     8     8
     8     6     8     8
     8     6     8     8
     8     6     8     8
     8     6     8     8
     8     6     8     8
     8     6     8     8
     8     6     8     8
     0     6     8     9
     8     6     8     8
     8     6     8     8
     8     6     8     8
     8     6     8     8
     8     6     8     8
     8     6     8     8
     8     6     8     8
     8     6     8     8
     8     6     8     8
     8     6     8     8
     8     6     8     8
     0     6     8     9
     8     6     8     8
     0     6     8     9
     8     6     8     8
     8     6     8     8
     0     6     8     8
     8     6     8     8
     8     6     8     8
     8     6     8     8
     8     6     8     8
     0     6     8     9
     0     6     8     9
     8     6     8     8
     8     6     8     8
     8     6     8     8
     8     6     8     8
     8     6     8     8
     0     6     8     9
     8     6     8     8
     8     6     8     8
     8     6     8     8
     8     6     8     8
     8     6     8     8
     8     6     8     8
     8     6     8     8
     8     6     8     8
     8     6     8     8
     8     6     8     8
     8     6     8     8
     0     6     8     9
     8     6     8     8
     8     6     8     8
     8     6     8     8
     8     6     8     8
     8     6     8     8
     8     6     8     8
     8     6     8     8
     8     6     8     8
     8     6     8     8
     8     6     8     8
     0     6     8     9
     8     6     8     8
     8     6     8     8
     8     6     8     8
     8     6     8     8
     8     6     8     8
     0     6     8     9
     8     6     8     8
     8     6     8     8
     8     6     8     8
     8     6     8     8
     8     6     8     8
     8     6     8     8
     8     6     8     8
     8     6     8     8
     0     6     8     9
     8     6     8     8
     8     6     8     8
     8     6     8     8
     8     6     8     8
     8     6     8     8
     8     6     8     8
     8     6     8     8
     0     6     8     9
     8     6     8     8
     8     6     8     8
     8     6     8     8
     8     6     8     8
     8     6     8     8
     8     6     8     8
     8     6     8     8
     0     6     8     9
     8     6     8     8
     8     6     8     8
     8     6     8     8
     8     6     8     8
     8     6     8     8
     8     6     8     8
     9     7     9     9
     9     7     9     9
     0     7     9    10
     9     7     9     9
     9     7     9     9
     0     7     9    10
     9     7     9     9
     9     7     9     9
     9     7     9     9
     9     7     9     9
     9     7     9     9
     9     7     9     9
     9     7     9     9
     9     7     9     9
     9     7     9     9
     9     7     9     9
     9     7     9     9
     9     7     9     9
     9     7     9     9
     9     7     9     9
     9     7     9     9
     9     7     9     9
     9     7     9     9
     9     7     9     9
     9     7     9     9
     9     7     9     9
     9     7     9     9
     0     7     9    11
     9     7     9     9
     9     7     9     9
     0     7     9    10
     9     7     9     9
     9     7     9     9
     9     7     9     9
     9     7     9     9
     9     7     9     9
     0     7     9    10
     9     7     9     9
     9     7     9     9
     9     7     9     9
     9     7     9     9
     9     7     9     9
     9     7     9     9
     0     7     9    10
     9     7     9     9
     9     7     9     9
     9     7     9     9
     9     7     9     9
     9     7     9     9
     9     7     9     9
     9     7     9     9
     9     7     9     9
     9     7     9     9
     9     7     9     9
     9     7     9     9
     0     7     9     9
     9     7     9     9
     9     7     9     9
     9     7     9     9
     0     7     9     9
     9     7     9     9
     0     7     9    10
     9     7     9     9
     9     7     9     9
     9     7     9     9
     9     7     9     9
     9     7     9     9
     9     7     9     9
     9     7     9     9
     9     7     9     9
     9     7     9     9
     9     7     9     9
     9     7     9     9
     9     7     9     9
     9     7     9     9
     9     7     9     9
     9     7     9     9
     9     7     9     9
     9     7     9     9
     0     7     9    10
     9     7     9     9
     9     7     9     9
     9     7     9     9
     9     7     9     9
     9     7     9     9
     9     7     9     9
     9     7     9     9
     9     7     9     9
     9     7     9     9
     9     7     9     9
     9     7     9     9
     9     7     9     9
     9     7     9     9
     9     7     9     9
     9     7     9     9
     9     7     9     9
     9     7     9     9
     9     7     9     9
     9     7     9     9
     9     7     9     9
    10     8    10    10
    10     8    10    10
    10     8    10    10
    10     8    10    10
    10     8    10    10
    10     8    10    10
    10     8    10    10
    11     8    10    11
    10     8    10    10
    10     8    10    10
     0     8    10    12
    10     8    10    10
    10     8    10    10
     0     8    10    10
    10     8    10    10
    10     8    10    10
    10     8    10    10
    11     8    10    11
    10     8    10    10
    10     8    10    10
    10     8    10    10
    10     8    10    10
    10     8    10    10
    29     8    10    29
    10     8    10    10
    10     8    10    10
    10     8    10    10
    11     8    10    11
    10     8    10    10
    10     8    10    10
    10     8    10    10
    10     8    10    10
    10     8    10    10
    10     8    10    10
    10     8    10    10
     0     8    10    12
    10     8    10    10
    10     8    10    10
    10     8    10    10
    10     8    10    10
    10     8    10    10
     0     8    10    12
    10     8    10    10
    10     8    10    10
    10     8    10    10
    10     8    10    10
    10     8    10    10
    10     8    10    10
    10     8    10    10
    10     8    10    10
    10     8    10    10
    10     8    10    10
    10     8    10    10
    10     8    10    10
    10     8    10    10
     0     8    10    12
    10     8    10    10
    10     8    10    10
    10     8    10    10
     0     8    10    12
     0     8    10    12
    10     8    10    10
    10     8    10    10
    10     8    10    10
    10     8    10    10
    10     8    10    10
    10     8    10    10
    10     8    10    10
    10     8    10    10
    10     8    10    10
    10     8    10    10
    10     8    10    10
    10     8    10    10
    10     8    10    10
    10     8    10    10
    10     8    10    10
    10     8    10    10
    10     8    10    10
    10     8    10    10
    10     8    10    10
    10     8    10    10
     0     8    10    12
    10     8    10    10
    10     8    10    10
    10     8    10    10
    10     8    10    10
    10     8    10    10
    10     8    10    10
    10     8    10    10
    10     8    10    10
    10     8    10    10
     0     8    10    12
     0     8    10    12
    10     8    10    10
    10     8    10    10
    10     8    10    10
    10     8    10    10
    10     8    10    10
    10     8    10    10
     0     8    10    12
    12     9    12    12
    12     9    12    12
    12     9    12    12
    12     9    12    12
    12     9    12    12
    12     9    12    12
    12     9    12    12
    12     9    12    12
    12     9    12    12
    12     9    12    12
    12     9    12    12
    12     9    12    12
    12     9    12    12
     0     9    12    11
    12     9    12    12
    12     9    12    12
     0     9    12    11
    12     9    12    12
     0     9    12    11
    12     9    12    12
    12     9    12    12
    12     9    12    12
    12     9    12    12
    12     9    12    12
    12     9    12    12
     0     9    12    11
    12     9    12    12
    12     9    12    12
    12     9    12    12
    12     9    12    12
    12     9    12    12
    12     9    12    12
     0     9    12    11
    12     9    12    12
    12     9    12    12
    12     9    12    12
    12     9    12    12
    12     9    12    12
    12     9    12    12
    12     9    12    12
    12     9    12    12
    12     9    12    12
    12     9    12    12
    12     9    12    12
     0     9    12    11
    12     9    12    12
    12     9    12    12
    12     9    12    12
    12     9    12    12
    12     9    12    12
    12     9    12    12
    12     9    12    12
    12     9    12    12
    12     9    12    12
    12     9    12    12
    12     9    12    12
     0     9    12    11
     0     9    12    11
    12     9    12    12
    12     9    12    12
    12     9    12    12
    12     9    12    12
    12     9    12    12
    12     9    12    12
    12     9    12    12
    12     9    12    12
    12     9    12    12
    12     9    12    12
    12     9    12    12
    12     9    12    12
    12     9    12    12
    12     9    12    12
    12     9    12    12
     0     9    12    11
    12     9    12    12
    12     9    12    12
    12     9    12    12
    12     9    12    12
    12     9    12    12
    12     9    12    12
    12     9    12    12
    12     9    12    12
    12     9    12    12
    12     9    12    12
    12     9    12    12
    12     9    12    12
    12     9    12    12
    12     9    12    12
    12     9    12    12
    12     9    12    12
    12     9    12    12
    12     9    12    12
    12     9    12    12
    12     9    12    12
    12     9    12    12
    12     9    12    12
    12     9    12    12
    12     9    12    12
    12     9    12    12
    12     9    12    12
    11    10    11    11
    11    10    11    11
    10    10    11    10
    11    10    11    11
     0    10    11    13
    11    10    11    11
    11    10    11    11
    11    10    11    11
    11    10    11    11
    11    10    11    11
    11    10    11    11
    11    10    11    11
    11    10    11    11
    11    10    11    11
    11    10    11    11
    11    10    11    11
    11    10    11    11
    11    10    11    11
    11    10    11    11
    11    10    11    11
    11    10    11    11
    11    10    11    11
    11    10    11    11
    11    10    11    11
    11    10    11    11
    11    10    11    11
    11    10    11    11
    11    10    11    11
    11    10    11    11
    11    10    11    11
    11    10    11    11
    11    10    11    11
    11    10    11    11
    11    10    11    11
    11    10    11    11
    11    10    11    11
    11    10    11    11
    11    10    11    11
    11    10    11    11
    11    10    11    11
    11    10    11    11
    11    10    11    11
    11    10    11    11
    11    10    11    11
    11    10    11    11
    11    10    11    11
    11    10    11    11
    11    10    11    11
    11    10    11    11
    11    10    11    11
    11    10    11    11
    11    10    11    11
    11    10    11    11
    11    10    11    11
    11    10    11    11
    11    10    11    11
    11    10    11    11
    11    10    11    11
    11    10    11    11
    11    10    11    11
    11    10    11    11
    11    10    11    11
    11    10    11    11
    11    10    11    11
    11    10    11    11
    11    10    11    11
    11    10    11    11
    11    10    11    11
    11    10    11    11
    11    10    11    11
    11    10    11    11
    11    10    11    11
    11    10    11    11
    11    10    11    11
    11    10    11    11
    11    10    11    11
    22    10    11    22
    28    10    11    28
    11    10    11    11
    11    10    11    11
    11    10    11    11
    11    10    11    11
    11    10    11    11
    11    10    11    11
    11    10    11    11
    11    10    11    11
    11    10    11    11
     0    10    11     1
    11    10    11    11
    11    10    11    11
    11    10    11    11
     0    10    11    13
    11    10    11    11
    11    10    11    11
    11    10    11    11
    11    10    11    11
    11    10    11    11
    11    10    11    11
    11    10    11    11
    11    10    11    11
    13    11    13    13
    13    11    13    13
    13    11    13    13
    13    11    13    13
    13    11    13    13
    13    11    13    13
    13    11    13    13
    13    11    13    13
    13    11    13    13
    13    11    13    13
    13    11    13    13
    13    11    13    13
    13    11    13    13
    27    11    13    27
    13    11    13    13
    13    11    13    13
    13    11    13    13
    13    11    13    13
    13    11    13    13
    13    11    13    13
    13    11    13    13
    13    11    13    13
    13    11    13    13
     2    11    13     2
    13    11    13    13
    13    11    13    13
    13    11    13    13
    13    11    13    13
    13    11    13    13
    13    11    13    13
    13    11    13    13
    13    11    13    13
    13    11    13    13
    13    11    13    13
    13    11    13    13
    13    11    13    13
    13    11    13    13
    13    11    13    13
    13    11    13    13
    13    11    13    13
    13    11    13    13
    13    11    13    13
    13    11    13    13
    13    11    13    13
    13    11    13    13
    13    11    13    13
    13    11    13    13
    13    11    13    13
    13    11    13    13
     0    11    13    14
    13    11    13    13
    13    11    13    13
    13    11    13    13
    13    11    13    13
    13    11    13    13
    13    11    13    13
    13    11    13    13
    13    11    13    13
    13    11    13    13
    13    11    13    13
    13    11    13    13
    13    11    13    13
     0    11    13    14
    13    11    13    13
    13    11    13    13
     0    11    13    14
    13    11    13    13
    13    11    13    13
    13    11    13    13
    13    11    13    13
    13    11    13    13
    13    11    13    13
    13    11    13    13
     0    11    13    14
     0    11    13    13
    13    11    13    13
    13    11    13    13
    13    11    13    13
    13    11    13    13
    13    11    13    13
    13    11    13    13
     0    11    13    14
    13    11    13    13
    13    11    13    13
    13    11    13    13
    13    11    13    13
    13    11    13    13
     1    11    13     1
    13    11    13    13
    13    11    13    13
    13    11    13    13
    13    11    13    13
     2    11    13     2
    13    11    13    13
    13    11    13    13
     0    11    13    14
    13    11    13    13
    13    11    13    13
    13    11    13    13
    13    11    13    13
    14    12    14    14
    14    12    14    14
    14    12    14    14
    14    12    14    14
    14    12    14    14
    14    12    14    14
    14    12    14    14
    14    12    14    14
    14    12    14    14
    14    12    14    14
     0    12    14    14
    14    12    14    14
    14    12    14    14
    14    12    14    14
    14    12    14    14
    14    12    14    14
    14    12    14    14
    14    12    14    14
    14    12    14    14
    14    12    14    14
    14    12    14    14
    14    12    14    14
    14    12    14    14
    14    12    14    14
    14    12    14    14
    14    12    14    14
    14    12    14    14
    14    12    14    14
    14    12    14    14
    14    12    14    14
    14    12    14    14
     0    12    14     4
    14    12    14    14
    14    12    14    14
    19    12    14    19
    14    12    14    14
    14    12    14    14
    14    12    14    14
    14    12    14    14
    14    12    14    14
    14    12    14    14
    14    12    14    14
    14    12    14    14
    14    12    14    14
    14    12    14    14
    14    12    14    14
    14    12    14    14
    14    12    14    14
     0    12    14     4
    14    12    14    14
    14    12    14    14
    14    12    14    14
    14    12    14    14
    14    12    14    14
     0    12    14     4
    14    12    14    14
     0    12    14     4
    14    12    14    14
    14    12    14    14
    14    12    14    14
    14    12    14    14
    14    12    14    14
    14    12    14    14
    14    12    14    14
    14    12    14    14
    14    12    14    14
    14    12    14    14
    14    12    14    14
    14    12    14    14
    14    12    14    14
    19    12    14    19
    14    12    14    14
    14    12    14    14
    14    12    14    14
     0    12    14     4
    14    12    14    14
    14    12    14    14
    14    12    14    14
    14    12    14    14
    14    12    14    14
    14    12    14    14
    14    12    14    14
    14    12    14    14
    14    12    14    14
    14    12    14    14
    14    12    14    14
    14    12    14    14
     0    12    14     4
    14    12    14    14
    14    12    14    14
    14    12    14    14
    14    12    14    14
    14    12    14    14
    14    12    14    14
    14    12    14    14
    14    12    14    14
    14    12    14    14
    14    12    14    14
    14    12    14    14
    14    12    14    14
     4    13     4     4
     4    13     4     4
     3    13     4     3
     4    13     4     4
     4    13     4     4
     4    13     4     4
     4    13     4     4
     4    13     4     4
     4    13     4     4
     3    13     4     3
     0    13     4    15
     4    13     4     4
     4    13     4     4
     0    13     4    15
     4    13     4     4
     4    13     4     4
     4    13     4     4
     4    13     4     4
     0    13     4    15
     0    13     4    15
     4    13     4     4
     4    13     4     4
     4    13     4     4
     4    13     4     4
     4    13     4     4
     0    13     4    15
     4    13     4     4
     4    13     4     4
     4    13     4     4
     4    13     4     4
     0    13     4    15
     4    13     4     4
     4    13     4     4
     0    13     4    15
     4    13     4     4
     4    13     4     4
     4    13     4     4
     4    13     4     4
     0    13     4     4
     0    13     4     4
     4    13     4     4
     4    13     4     4
     4    13     4     4
     4    13     4     4
     4    13     4     4
     4    13     4     4
     4    13     4     4
     3    13     4     3
     4    13     4     4
     4    13     4     4
     4    13     4     4
     4    13     4     4
     4    13     4     4
     4    13     4     4
     4    13     4     4
     0    13     4    15
     4    13     4     4
     4    13     4     4
     4    13     4     4
     0    13     4    15
     0    13     4    15
     4    13     4     4
     4    13     4     4
     4    13     4     4
     4    13     4     4
     4    13     4     4
     4    13     4     4
     4    13     4     4
     4    13     4     4
     4    13     4     4
     4    13     4     4
     4    13     4     4
     4    13     4     4
     4    13     4     4
     4    13     4     4
     4    13     4     4
     4    13     4     4
     4    13     4     4
     4    13     4     4
     4    13     4     4
     4    13     4     4
     4    13     4     4
     4    13     4     4
     4    13     4     4
     4    13     4     4
     4    13     4     4
     4    13     4     4
     4    13     4     4
     3    13     4     3
     4    13     4     4
     4    13     4     4
     4    13     4     4
     4    13     4     4
     4    13     4     4
     4    13     4     4
     4    13     4     4
     4    13     4     4
     4    13     4     4
     4    13     4     4
     4    13     4     4
    15    14    15    15
    15    14    15    15
    15    14    15    15
    15    14    15    15
    15    14    15    15
    15    14    15    15
    15    14    15    15
    15    14    15    15
    15    14    15    15
     3    14    15     3
    15    14    15    15
    15    14    15    15
    15    14    15    15
    15    14    15    15
    15    14    15    15
    15    14    15    15
    15    14    15    15
    15    14    15    15
    15    14    15    15
    15    14    15    15
    15    14    15    15
    15    14    15    15
    15    14    15    15
    15    14    15    15
    15    14    15    15
    15    14    15    15
    15    14    15    15
    15    14    15    15
    15    14    15    15
     0    14    15    16
    15    14    15    15
    15    14    15    15
    15    14    15    15
    15    14    15    15
    15    14    15    15
    15    14    15    15
    15    14    15    15
    15    14    15    15
     0    14    15    16
     0    14    15    16
    15    14    15    15
    15    14    15    15
    15    14    15    15
    15    14    15    15
    15    14    15    15
    15    14    15    15
    15    14    15    15
    15    14    15    15
    15    14    15    15
    15    14    15    15
    15    14    15    15
    15    14    15    15
    15    14    15    15
    15    14    15    15
    15    14    15    15
    15    14    15    15
    15    14    15    15
     0    14    15    16
    15    14    15    15
    15    14    15    15
    15    14    15    15
    15    14    15    15
    15    14    15    15
    15    14    15    15
    15    14    15    15
     0    14    15    16
    15    14    15    15
    15    14    15    15
    15    14    15    15
    15    14    15    15
    15    14    15    15
    15    14    15    15
    15    14    15    15
    15    14    15    15
    15    14    15    15
    15    14    15    15
    15    14    15    15
    15    14    15    15
    15    14    15    15
    15    14    15    15
    15    14    15    15
    15    14    15    15
     0    14    15    16
    15    14    15    15
    15    14    15    15
    15    14    15    15
    15    14    15    15
    15    14    15    15
     0    14    15    16
    15    14    15    15
    15    14    15    15
     0    14    15    16
    15    14    15    15
     0    14    15    16
    15    14    15    15
    15    14    15    15
    15    14    15    15
    15    14    15    15
    15    14    15    15
    15    14    15    15
    16    15    16    16
    16    15    16    16
    16    15    16    16
    16    15    16    16
    16    15    16    16
    16    15    16    16
    16    15    16    16
    16    15    16    16
    16    15    16    16
    16    15    16    16
    16    15    16    16
    16    15    16    16
    16    15    16    16
    16    15    16    16
    16    15    16    16
    16    15    16    16
    16    15    16    16
    16    15    16    16
    16    15    16    16
    16    15    16    16
    16    15    16    16
    16    15    16    16
    16    15    16    16
    16    15    16    16
    16    15    16    16
    16    15    16    16
     0    15    16    17
    16    15    16    16
    16    15    16    16
    16    15    16    16
    16    15    16    16
    16    15    16    16
    16    15    16    16
    16    15    16    16
    16    15    16    16
    16    15    16    16
    16    15    16    16
    16    15    16    16
    16    15    16    16
    16    15    16    16
    16    15    16    16
    16    15    16    16
    16    15    16    16
    16    15    16    16
    16    15    16    16
    16    15    16    16
    16    15    16    16
    16    15    16    16
    16    15    16    16
    16    15    16    16
    16    15    16    16
    16    15    16    16
    16    15    16    16
    16    15    16    16
    16    15    16    16
    16    15    16    16
    16    15    16    16
    16    15    16    16
    16    15    16    16
    16    15    16    16
    16    15    16    16
    16    15    16    16
    16    15    16    16
    16    15    16    16
     0    15    16    17
    16    15    16    16
    16    15    16    16
    16    15    16    16
    16    15    16    16
    16    15    16    16
    16    15    16    16
    16    15    16    16
    16    15    16    16
    16    15    16    16
     0    15    16    17
    16    15    16    16
    16    15    16    16
     0    15    16    17
    16    15    16    16
    16    15    16    16
    16    15    16    16
    16    15    16    16
    16    15    16    16
    16    15    16    16
    16    15    16    16
    16    15    16    16
    16    15    16    16
    16    15    16    16
    16    15    16    16
    16    15    16    16
    16    15    16    16
    16    15    16    16
    16    15    16    16
    16    15    16    16
     0    15    16    16
     0    15    16    17
    16    15    16    16
    16    15    16    16
    16    15    16    16
    16    15    16    16
    17    16    17    17
    17    16    17    17
    17    16    17    17
     0    16    17    18
    17    16    17    17
    17    16    17    17
    17    16    17    17
    17    16    17    17
    17    16    17    17
     0    16    17    18
    17    16    17    17
    17    16    17    17
    17    16    17    17
    17    16    17    17
    17    16    17    17
    17    16    17    17
    17    16    17    17
    17    16    17    17
    17    16    17    17
    17    16    17    17
    17    16    17    17
    17    16    17    17
    17    16    17    17
    17    16    17    17
    17    16    17    17
    17    16    17    17
    17    16    17    17
    17    16    17    17
    17    16    17    17
    17    16    17    17
     0    16    17    18
    17    16    17    17
    17    16    17    17
    17    16    17    17
    17    16    17    17
    17    16    17    17
    17    16    17    17
    17    16    17    17
    17    16    17    17
    17    16    17    17
    17    16    17    17
    17    16    17    17
    17    16    17    17
    17    16    17    17
    17    16    17    17
    17    16    17    17
    17    16    17    17
    17    16    17    17
    17    16    17    17
    17    16    17    17
    17    16    17    17
    17    16    17    17
    17    16    17    17
    17    16    17    17
    17    16    17    17
    17    16    17    17
    17    16    17    17
    17    16    17    17
     0    16    17    18
    17    16    17    17
    17    16    17    17
    17    16    17    17
    17    16    17    17
    17    16    17    17
    17    16    17    17
    17    16    17    17
    17    16    17    17
    17    16    17    17
    17    16    17    17
    17    16    17    17
    17    16    17    17
    18    16    17    18
    17    16    17    17
    17    16    17    17
    17    16    17    17
    17    16    17    17
    17    16    17    17
    17    16    17    17
    17    16    17    17
    17    16    17    17
    17    16    17    17
    17    16    17    17
    17    16    17    17
    17    16    17    17
    17    16    17    17
    17    16    17    17
    17    16    17    17
    17    16    17    17
    17    16    17    17
    17    16    17    17
    17    16    17    17
    17    16    17    17
    17    16    17    17
    17    16    17    17
     0    16    17    18
    17    16    17    17
    17    16    17    17
    17    16    17    17
    17    16    17    17
    17    16    17    17
     0    17    18    19
    18    17    18    18
    18    17    18    18
    18    17    18    18
    18    17    18    18
     0    17    18    19
    18    17    18    18
    18    17    18    18
    18    17    18    18
    18    17    18    18
    18    17    18    18
    18    17    18    18
    18    17    18    18
    18    17    18    18
    18    17    18    18
    18    17    18    18
    18    17    18    18
     0    17    18    19
    18    17    18    18
    18    17    18    18
    18    17    18    18
    18    17    18    18
    18    17    18    18
    18    17    18    18
    18    17    18    18
    18    17    18    18
    18    17    18    18
    18    17    18    18
    18    17    18    18
    18    17    18    18
    18    17    18    18
    18    17    18    18
    18    17    18    18
    18    17    18    18
    18    17    18    18
    18    17    18    18
    18    17    18    18
    18    17    18    18
    18    17    18    18
    18    17    18    18
    18    17    18    18
    18    17    18    18
    18    17    18    18
    18    17    18    18
    18    17    18    18
    18    17    18    18
    18    17    18    18
    18    17    18    18
    18    17    18    18
    18    17    18    18
    18    17    18    18
    18    17    18    18
    18    17    18    18
    18    17    18    18
    18    17    18    18
    18    17    18    18
    18    17    18    18
    18    17    18    18
    18    17    18    18
    18    17    18    18
     0    17    18    19
    18    17    18    18
    18    17    18    18
    18    17    18    18
    18    17    18    18
    18    17    18    18
    18    17    18    18
    18    17    18    18
    18    17    18    18
    18    17    18    18
    18    17    18    18
    18    17    18    18
    18    17    18    18
    18    17    18    18
    18    17    18    18
    18    17    18    18
    18    17    18    18
    18    17    18    18
    18    17    18    18
    18    17    18    18
    17    17    18    17
    18    17    18    18
    18    17    18    18
    18    17    18    18
    18    17    18    18
    18    17    18    18
    18    17    18    18
    18    17    18    18
    18    17    18    18
    18    17    18    18
    18    17    18    18
    18    17    18    18
     0    17    18    18
    18    17    18    18
    18    17    18    18
    18    17    18    18
    18    17    18    18
    18    17    18    18
    18    17    18    18
    18    17    18    18
    19    18    19    19
    19    18    19    19
    19    18    19    19
    19    18    19    19
     0    18    19    20
    19    18    19    19
    19    18    19    19
    19    18    19    19
    19    18    19    19
    19    18    19    19
    19    18    19    19
    19    18    19    19
     0    18    19    20
    19    18    19    19
    19    18    19    19
    19    18    19    19
    19    18    19    19
    19    18    19    19
    19    18    19    19
    19    18    19    19
    19    18    19    19
    19    18    19    19
    19    18    19    19
    19    18    19    19
    19    18    19    19
    19    18    19    19
     0    18    19    20
    19    18    19    19
    19    18    19    19
    19    18    19    19
    19    18    19    19
    19    18    19    19
    19    18    19    19
    19    18    19    19
    19    18    19    19
    19    18    19    19
    19    18    19    19
    19    18    19    19
    19    18    19    19
    19    18    19    19
    19    18    19    19
    19    18    19    19
    19    18    19    19
    19    18    19    19
    19    18    19    19
    19    18    19    19
    14    18    19    14
    14    18    19    14
    19    18    19    19
    19    18    19    19
    19    18    19    19
    19    18    19    19
     0    18    19    20
    19    18    19    19
    14    18    19    14
    19    18    19    19
    19    18    19    19
    19    18    19    19
    19    18    19    19
    19    18    19    19
    19    18    19    19
    19    18    19    19
     0    18    19    20
    19    18    19    19
    19    18    19    19
    19    18    19    19
    19    18    19    19
    14    18    19    14
    19    18    19    19
    19    18    19    19
     0    18    19    20
    14    18    19    14
    14    18    19    14
    19    18    19    19
    19    18    19    19
    19    18    19    19
    19    18    19    19
    19    18    19    19
     0    18    19    20
    19    18    19    19
    19    18    19    19
    19    18    19    19
    19    18    19    19
    19    18    19    19
    19    18    19    19
    19    18    19    19
    19    18    19    19
    19    18    19    19
    19    18    19    19
    19    18    19    19
    19    18    19    19
    19    18    19    19
     0    18    19    20
    19    18    19    19
    19    18    19    19
    19    18    19    19
     0    18    19    20
    19    18    19    19
    19    18    19    19
     0    18    19    19
    20    19    20    20
    20    19    20    20
    20    19    20    20
    20    19    20    20
    20    19    20    20
    20    19    20    20
     0    19    20    21
     0    19    20    21
    20    19    20    20
    20    19    20    20
    20    19    20    20
    20    19    20    20
    20    19    20    20
    20    19    20    20
    20    19    20    20
    20    19    20    20
    20    19    20    20
    20    19    20    20
    20    19    20    20
    20    19    20    20
    20    19    20    20
    20    19    20    20
    20    19    20    20
    20    19    20    20
    20    19    20    20
    20    19    20    20
    20    19    20    20
    20    19    20    20
    20    19    20    20
     0    19    20    21
    20    19    20    20
    20    19    20    20
    20    19    20    20
    20    19    20    20
    20    19    20    20
    20    19    20    20
    20    19    20    20
    20    19    20    20
     0    19    20    20
    20    19    20    20
    20    19    20    20
    20    19    20    20
    20    19    20    20
    20    19    20    20
    20    19    20    20
    20    19    20    20
    20    19    20    20
    20    19    20    20
     0    19    20    21
    20    19    20    20
    20    19    20    20
    20    19    20    20
    20    19    20    20
    20    19    20    20
    20    19    20    20
    20    19    20    20
    20    19    20    20
    20    19    20    20
    20    19    20    20
    20    19    20    20
    20    19    20    20
    20    19    20    20
    20    19    20    20
     0    19    20    21
    20    19    20    20
     0    19    20    21
    20    19    20    20
    20    19    20    20
    20    19    20    20
    20    19    20    20
    20    19    20    20
    20    19    20    20
    20    19    20    20
    20    19    20    20
     0    19    20    21
    20    19    20    20
    20    19    20    20
    20    19    20    20
    20    19    20    20
    20    19    20    20
    20    19    20    20
    20    19    20    20
    20    19    20    20
    20    19    20    20
    20    19    20    20
    20    19    20    20
    20    19    20    20
    20    19    20    20
    20    19    20    20
    20    19    20    20
    20    19    20    20
    20    19    20    20
    20    19    20    20
    20    19    20    20
    20    19    20    20
    20    19    20    20
    20    19    20    20
    20    19    20    20
    20    19    20    20
     0    19    20    20
    21    20    21    21
    21    20    21    21
    21    20    21    21
    21    20    21    21
    21    20    21    21
    21    20    21    21
    21    20    21    21
    21    20    21    21
     0    20    21    21
     0    20    21    22
    21    20    21    21
    21    20    21    21
    21    20    21    21
    21    20    21    21
    21    20    21    21
    21    20    21    21
    21    20    21    21
    21    20    21    21
    21    20    21    21
    21    20    21    21
    21    20    21    21
    21    20    21    21
    21    20    21    21
    21    20    21    21
    21    20    21    21
    21    20    21    21
    21    20    21    21
    21    20    21    21
    21    20    21    21
    21    20    21    21
    21    20    21    21
    21    20    21    21
    21    20    21    21
    21    20    21    21
    21    20    21    21
    21    20    21    21
    21    20    21    21
    21    20    21    21
     0    20    21    22
    21    20    21    21
     0    20    21    22
    21    20    21    21
    21    20    21    21
    21    20    21    21
    21    20    21    21
    21    20    21    21
     0    20    21    22
    21    20    21    21
    21    20    21    21
    21    20    21    21
    21    20    21    21
    21    20    21    21
    21    20    21    21
    21    20    21    21
    21    20    21    21
    21    20    21    21
    21    20    21    21
    21    20    21    21
     0    20    21    22
    21    20    21    21
    21    20    21    21
    21    20    21    21
    21    20    21    21
    21    20    21    21
    21    20    21    21
    21    20    21    21
    21    20    21    21
     0    20    21    22
    21    20    21    21
    21    20    21    21
    21    20    21    21
    21    20    21    21
    21    20    21    21
    21    20    21    21
    21    20    21    21
    21    20    21    21
    21    20    21    21
    21    20    21    21
    21    20    21    21
    21    20    21    21
    21    20    21    21
    21    20    21    21
    21    20    21    21
    21    20    21    21
     0    20    21    22
    21    20    21    21
    21    20    21    21
    21    20    21    21
    21    20    21    21
    21    20    21    21
    21    20    21    21
    21    20    21    21
    21    20    21    21
    21    20    21    21
    21    20    21    21
    21    20    21    21
    21    20    21    21
    21    20    21    21
    21    20    21    21
     0    20    21    22
    22    21    22    22
    28    21    22    28
    22    21    22    22
    22    21    22    22
    22    21    22    22
    22    21    22    22
    22    21    22    22
     0    21    22    23
     0    21    22    23
    22    21    22    22
    22    21    22    22
    22    21    22    22
    22    21    22    22
     0    21    22    23
     0    21    22    23
    22    21    22    22
    22    21    22    22
     0    21    22    23
    22    21    22    22
    22    21    22    22
     0    21    22    23
    22    21    22    22
    22    21    22    22
    22    21    22    22
    22    21    22    22
    22    21    22    22
    22    21    22    22
    22    21    22    22
    22    21    22    22
    22    21    22    22
    22    21    22    22
    22    21    22    22
    22    21    22    22
    22    21    22    22
    22    21    22    22
    22    21    22    22
    22    21    22    22
    22    21    22    22
    22    21    22    22
    22    21    22    22
    22    21    22    22
    22    21    22    22
    22    21    22    22
    22    21    22    22
    22    21    22    22
    22    21    22    22
    22    21    22    22
    22    21    22    22
    22    21    22    22
    22    21    22    22
    22    21    22    22
    22    21    22    22
     0    21    22    23
    22    21    22    22
    22    21    22    22
     0    21    22    23
    22    21    22    22
    22    21    22    22
    22    21    22    22
    22    21    22    22
    22    21    22    22
     0    21    22    23
    22    21    22    22
    22    21    22    22
    22    21    22    22
    22    21    22    22
    22    21    22    22
    22    21    22    22
    22    21    22    22
    22    21    22    22
     0    21    22    23
    22    21    22    22
    22    21    22    22
    22    21    22    22
     0    21    22    23
    22    21    22    22
    22    21    22    22
    22    21    22    22
    22    21    22    22
    22    21    22    22
    22    21    22    22
     0    21    22    23
     0    21    22    23
    22    21    22    22
    22    21    22    22
    22    21    22    22
    22    21    22    22
    22    21    22    22
    22    21    22    22
     0    21    22    23
    22    21    22    22
    22    21    22    22
     0    21    22    23
    22    21    22    22
     0    21    22    23
    22    21    22    22
    22    21    22    22
    22    21    22    22
    22    21    22    22
    22    21    22    22
    23    22    23    23
    23    22    23    23
    23    22    23    23
    23    22    23    23
    23    22    23    23
    23    22    23    23
    23    22    23    23
    23    22    23    23
    23    22    23    23
    23    22    23    23
    23    22    23    23
    23    22    23    23
    23    22    23    23
    23    22    23    23
    23    22    23    23
     0    22    23    24
    23    22    23    23
    23    22    23    23
    23    22    23    23
    23    22    23    23
    23    22    23    23
    23    22    23    23
    23    22    23    23
    23    22    23    23
    23    22    23    23
    23    22    23    23
    23    22    23    23
    23    22    23    23
     0    22    23    24
     0    22    23    23
    23    22    23    23
    23    22    23    23
    23    22    23    23
    23    22    23    23
    23    22    23    23
    23    22    23    23
    23    22    23    23
    23    22    23    23
    23    22    23    23
    23    22    23    23
    23    22    23    23
    23    22    23    23
    23    22    23    23
    23    22    23    23
    23    22    23    23
    23    22    23    23
    23    22    23    23
    23    22    23    23
    12    22    23    12
    23    22    23    23
    23    22    23    23
    23    22    23    23
    23    22    23    23
    23    22    23    23
     0    22    23    24
    23    22    23    23
    23    22    23    23
    23    22    23    23
    23    22    23    23
    23    22    23    23
    23    22    23    23
    23    22    23    23
    23    22    23    23
    23    22    23    23
    23    22    23    23
    23    22    23    23
    23    22    23    23
    23    22    23    23
    23    22    23    23
    23    22    23    23
    23    22    23    23
    23    22    23    23
    23    22    23    23
    23    22    23    23
    23    22    23    23
     0    22    23    23
    23    22    23    23
    23    22    23    23
    23    22    23    23
    23    22    23    23
    23    22    23    23
    23    22    23    23
    23    22    23    23
    23    22    23    23
    23    22    23    23
    23    22    23    23
    23    22    23    23
    23    22    23    23
    23    22    23    23
    23    22    23    23
    23    22    23    23
     0    22    23    23
    23    22    23    23
    23    22    23    23
    23    22    23    23
    23    22    23    23
    23    22    23    23
    23    22    23    23
    23    22    23    23
    23    22    23    23
    24    23    24    24
    24    23    24    24
    24    23    24    24
    24    23    24    24
    24    23    24    24
    24    23    24    24
    24    23    24    24
    24    23    24    24
    24    23    24    24
    24    23    24    24
    24    23    24    24
    24    23    24    24
    24    23    24    24
    24    23    24    24
    24    23    24    24
    24    23    24    24
     0    23    24    25
    24    23    24    24
     0    23    24    25
    24    23    24    24
    24    23    24    24
    24    23    24    24
    24    23    24    24
    24    23    24    24
    24    23    24    24
    24    23    24    24
    24    23    24    24
    24    23    24    24
    24    23    24    24
     0    23    24    25
    24    23    24    24
    24    23    24    24
     0    23    24    25
     0    23    24    25
    24    23    24    24
    24    23    24    24
    24    23    24    24
    24    23    24    24
    24    23    24    24
    24    23    24    24
    24    23    24    24
    24    23    24    24
    24    23    24    24
    24    23    24    24
    24    23    24    24
    24    23    24    24
     0    23    24    25
     0    23    24     6
     0    23    24    24
    24    23    24    24
    24    23    24    24
    24    23    24    24
     0    23    24    25
    24    23    24    24
    24    23    24    24
    24    23    24    24
    24    23    24    24
    24    23    24    24
    24    23    24    24
    24    23    24    24
    24    23    24    24
    24    23    24    24
    24    23    24    24
    24    23    24    24
    24    23    24    24
     0    23    24    25
    24    23    24    24
    24    23    24    24
    24    23    24    24
    24    23    24    24
    24    23    24    24
    24    23    24    24
    24    23    24    24
    24    23    24    24
    24    23    24    24
     0    23    24    25
    24    23    24    24
    24    23    24    24
    24    23    24    24
    24    23    24    24
     6    23    24     6
    24    23    24    24
    24    23    24    24
    24    23    24    24
    24    23    24    24
     0    23    24    25
    24    23    24    24
    24    23    24    24
    24    23    24    24
     6    23    24     6
    24    23    24    24
     0    23    24    25
    24    23    24    24
    24    23    24    24
    24    23    24    24
    24    23    24    24
    24    23    24    24
    24    23    24    24
    24    23    24    24
    24    23    24    24
    25    24    25    25
    25    24    25    25
    25    24    25    25
    25    24    25    25
     0    24    25     2
    25    24    25    25
    25    24    25    25
    25    24    25    25
    25    24    25    25
    25    24    25    25
    25    24    25    25
    25    24    25    25
    25    24    25    25
    25    24    25    25
    25    24    25    25
    25    24    25    25
    25    24    25    25
    25    24    25    25
    25    24    25    25
    25    24    25    25
    25    24    25    25
    25    24    25    25
    25    24    25    25
     0    24    25     2
    25    24    25    25
    25    24    25    25
    25    24    25    25
    25    24    25    25
    25    24    25    25
    25    24    25    25
    25    24    25    25
    25    24    25    25
    25    24    25    25
    25    24    25    25
    25    24    25    25
     0    24    25     2
     0    24    25     2
    25    24    25    25
    25    24    25    25
    25    24    25    25
    25    24    25    25
    25    24    25    25
    25    24    25    25
    25    24    25    25
    25    24    25    25
    25    24    25    25
    25    24    25    25
     6    24    25     6
     0    24    25     2
    25    24    25    25
    25    24    25    25
    25    24    25    25
    25    24    25    25
    25    24    25    25
    25    24    25    25
    25    24    25    25
    25    24    25    25
    25    24    25    25
    25    24    25    25
    25    24    25    25
    25    24    25    25
    25    24    25    25
    25    24    25    25
    25    24    25    25
    25    24    25    25
    25    24    25    25
    25    24    25    25
    25    24    25    25
    25    24    25    25
    25    24    25    25
    25    24    25    25
    25    24    25    25
    25    24    25    25
    25    24    25    25
    25    24    25    25
    25    24    25    25
    25    24    25    25
    25    24    25    25
    25    24    25    25
    25    24    25    25
     0    24    25     2
    25    24    25    25
    25    24    25    25
    25    24    25    25
    25    24    25    25
    25    24    25    25
     0    24    25    25
    25    24    25    25
     0    24    25     2
    25    24    25    25
    25    24    25    25
    25    24    25    25
    25    24    25    25
    25    24    25    25
    25    24    25    25
    25    24    25    25
     0    24    25     2
    25    24    25    25
    25    24    25    25
    25    24    25    25
     2    25     2     2
     2    25     2     2
     2    25     2     2
     2    25     2     2
     2    25     2     2
     0    25     2    26
     2    25     2     2
     0    25     2    26
     2    25     2     2
     2    25     2     2
     2    25     2     2
     2    25     2     2
     2    25     2     2
     2    25     2     2
     2    25     2     2
     2    25     2     2
     2    25     2     2
     2    25     2     2
     0    25     2    26
     2    25     2     2
     2    25     2     2
     2    25     2     2
     2    25     2     2
     2    25     2     2
     2    25     2     2
     2    25     2     2
     2    25     2     2
     2    25     2     2
     2    25     2     2
     2    25     2     2
     2    25     2     2
     2    25     2     2
     2    25     2     2
     2    25     2     2
     2    25     2     2
     2    25     2     2
     2    25     2     2
     0    25     2    26
     2    25     2     2
     2    25     2     2
     2    25     2     2
     2    25     2     2
     2    25     2     2
     2    25     2     2
     2    25     2     2
     2    25     2     2
     2    25     2     2
     2    25     2     2
     2    25     2     2
     2    25     2     2
     2    25     2     2
     2    25     2     2
     2    25     2     2
     2    25     2     2
     2    25     2     2
     2    25     2     2
     2    25     2     2
     2    25     2     2
     2    25     2     2
     2    25     2     2
     2    25     2     2
     2    25     2     2
     2    25     2     2
     2    25     2     2
     2    25     2     2
     0    25     2    26
     2    25     2     2
     2    25     2     2
     2    25     2     2
     2    25     2     2
     2    25     2     2
     2    25     2     2
     2    25     2     2
     0    25     2    26
     2    25     2     2
     2    25     2     2
     2    25     2     2
     2    25     2     2
    13    25     2    13
     2    25     2     2
     2    25     2     2
     2    25     2     2
     2    25     2     2
     2    25     2     2
     2    25     2     2
     2    25     2     2
     0    25     2    26
     2    25     2     2
     2    25     2     2
     2    25     2     2
     2    25     2     2
     2    25     2     2
     2    25     2     2
     2    25     2     2
     2    25     2     2
     2    25     2     2
     2    25     2     2
     2    25     2     2
     0    25     2    26
     2    25     2     2
    26    26    26    26
    26    26    26    26
    26    26    26    26
    14    26    26    14
    26    26    26    26
    26    26    26    26
    26    26    26    26
    26    26    26    26
    26    26    26    26
    26    26    26    26
    26    26    26    26
    26    26    26    26
    26    26    26    26
    26    26    26    26
    26    26    26    26
    26    26    26    26
    26    26    26    26
    26    26    26    26
    26    26    26    26
    26    26    26    26
    26    26    26    26
    26    26    26    26
    26    26    26    26
    26    26    26    26
    26    26    26    26
    26    26    26    26
    26    26    26    26
    26    26    26    26
     0    26    26    26
    26    26    26    26
    26    26    26    26
    26    26    26    26
    26    26    26    26
    26    26    26    26
    26    26    26    26
    26    26    26    26
    26    26    26    26
    26    26    26    26
    26    26    26    26
     0    26    26    26
     0    26    26    27
     0    26    26    27
    26    26    26    26
    26    26    26    26
    26    26    26    26
    26    26    26    26
    26    26    26    26
    26    26    26    26
    26    26    26    26
     0    26    26    27
     0    26    26    27
    26    26    26    26
    26    26    26    26
     0    26    26    27
    26    26    26    26
    26    26    26    26
    26    26    26    26
    26    26    26    26
    26    26    26    26
    26    26    26    26
    26    26    26    26
    26    26    26    26
    26    26    26    26
    26    26    26    26
    26    26    26    26
    26    26    26    26
    26    26    26    26
    26    26    26    26
    26    26    26    26
    26    26    26    26
    26    26    26    26
    26    26    26    26
     0    26    26    27
    26    26    26    26
    26    26    26    26
     0    26    26    27
    26    26    26    26
     0    26    26    27
    26    26    26    26
    26    26    26    26
    26    26    26    26
    26    26    26    26
    26    26    26    26
    26    26    26    26
    26    26    26    26
    26    26    26    26
    26    26    26    26
    26    26    26    26
    26    26    26    26
    26    26    26    26
    26    26    26    26
    26    26    26    26
     0    26    26    27
    26    26    26    26
    26    26    26    26
    26    26    26    26
    26    26    26    26
    26    26    26    26
    26    26    26    26
    26    26    26    26
    27    27    27    27
     0    27    27    28
    27    27    27    27
    27    27    27    27
    27    27    27    27
    27    27    27    27
    27    27    27    27
    27    27    27    27
    27    27    27    27
    27    27    27    27
    27    27    27    27
    27    27    27    27
    27    27    27    27
    27    27    27    27
    27    27    27    27
    27    27    27    27
     0    27    27    22
    27    27    27    27
    27    27    27    27
     0    27    27    28
    27    27    27    27
    27    27    27    27
    27    27    27    27
    27    27    27    27
    27    27    27    27
    27    27    27    27
    27    27    27    27
    27    27    27    27
     0    27    27    28
    27    27    27    27
    27    27    27    27
    27    27    27    27
     0    27    27    28
    27    27    27    27
    27    27    27    27
    27    27    27    27
    27    27    27    27
    27    27    27    27
    27    27    27    27
     0    27    27    28
    27    27    27    27
    27    27    27    27
    27    27    27    27
    27    27    27    27
    27    27    27    27
     0    27    27    28
    27    27    27    27
    27    27    27    27
    27    27    27    27
    27    27    27    27
    27    27    27    27
    27    27    27    27
    27    27    27    27
    27    27    27    27
    27    27    27    27
    27    27    27    27
    27    27    27    27
    27    27    27    27
    27    27    27    27
    27    27    27    27
    27    27    27    27
    27    27    27    27
    27    27    27    27
    27    27    27    27
     0    27    27    28
    27    27    27    27
    27    27    27    27
    27    27    27    27
    27    27    27    27
    27    27    27    27
    27    27    27    27
    27    27    27    27
    27    27    27    27
    27    27    27    27
    27    27    27    27
    27    27    27    27
    27    27    27    27
    27    27    27    27
     0    27    27    28
    27    27    27    27
    27    27    27    27
    27    27    27    27
    27    27    27    27
    27    27    27    27
    27    27    27    27
    27    27    27    27
    27    27    27    27
    27    27    27    27
    27    27    27    27
    27    27    27    27
    27    27    27    27
    27    27    27    27
    27    27    27    27
    27    27    27    27
    27    27    27    27
    27    27    27    27
    27    27    27    27
    27    27    27    27
    27    27    27    27
    27    27    27    27
    28    28    28    28
    28    28    28    28
    28    28    28    28
    28    28    28    28
    28    28    28    28
    28    28    28    28
    28    28    28    28
    28    28    28    28
     0    28    28    29
    28    28    28    28
    28    28    28    28
     0    28    28    28
    28    28    28    28
    28    28    28    28
    28    28    28    28
    28    28    28    28
    22    28    28    22
    28    28    28    28
    28    28    28    28
    28    28    28    28
    28    28    28    28
    28    28    28    28
    28    28    28    28
    28    28    28    28
    28    28    28    28
    28    28    28    28
    28    28    28    28
    28    28    28    28
    28    28    28    28
    28    28    28    28
    28    28    28    28
     0    28    28    29
    28    28    28    28
    28    28    28    28
    28    28    28    28
    28    28    28    28
    28    28    28    28
    28    28    28    28
    28    28    28    28
    28    28    28    28
    28    28    28    28
    28    28    28    28
    28    28    28    28
    28    28    28    28
    28    28    28    28
    28    28    28    28
    28    28    28    28
    28    28    28    28
    28    28    28    28
    28    28    28    28
    28    28    28    28
     0    28    28    29
    28    28    28    28
    28    28    28    28
    28    28    28    28
    28    28    28    28
    28    28    28    28
    22    28    28    22
    28    28    28    28
    28    28    28    28
    28    28    28    28
    28    28    28    28
    28    28    28    28
    28    28    28    28
    28    28    28    28
    28    28    28    28
    28    28    28    28
    28    28    28    28
    28    28    28    28
    28    28    28    28
    28    28    28    28
    28    28    28    28
    28    28    28    28
    28    28    28    28
    28    28    28    28
    28    28    28    28
    28    28    28    28
    28    28    28    28
    28    28    28    28
    28    28    28    28
    28    28    28    28
    28    28    28    28
    28    28    28    28
    28    28    28    28
     0    28    28    29
    28    28    28    28
    28    28    28    28
    28    28    28    28
    28    28    28    28
    28    28    28    28
    28    28    28    28
     0    28    28    29
     0    28    28    29
    28    28    28    28
    28    28    28    28
    28    28    28    28
    28    28    28    28
    28    28    28    28
    28    28    28    28
    28    28    28    28
    29    29    29    29
    29    29    29    29
    29    29    29    29
    29    29    29    29
    29    29    29    29
    29    29    29    29
    29    29    29    29
    29    29    29    29
    29    29    29    29
    29    29    29    29
    29    29    29    29
     0    29    29    30
    29    29    29    29
    29    29    29    29
    29    29    29    29
    29    29    29    29
     0    29    29    30
    29    29    29    29
    29    29    29    29
    29    29    29    29
    29    29    29    29
    29    29    29    29
    29    29    29    29
    29    29    29    29
    29    29    29    29
    29    29    29    29
     0    29    29    30
    29    29    29    29
    29    29    29    29
    29    29    29    29
    29    29    29    29
    29    29    29    29
    29    29    29    29
    29    29    29    29
    29    29    29    29
    29    29    29    29
    29    29    29    29
    29    29    29    29
    29    29    29    29
    29    29    29    29
    29    29    29    29
    29    29    29    29
    29    29    29    29
    29    29    29    29
    29    29    29    29
    29    29    29    29
    29    29    29    29
    29    29    29    29
    29    29    29    29
    29    29    29    29
    29    29    29    29
    29    29    29    29
    29    29    29    29
    29    29    29    29
    29    29    29    29
    29    29    29    29
    29    29    29    29
    29    29    29    29
    29    29    29    29
    29    29    29    29
    29    29    29    29
     0    29    29    30
    29    29    29    29
    29    29    29    29
    29    29    29    29
    29    29    29    29
    29    29    29    29
    29    29    29    29
    29    29    29    29
    29    29    29    29
    29    29    29    29
    29    29    29    29
    29    29    29    29
    29    29    29    29
    29    29    29    29
    29    29    29    29
    29    29    29    29
    29    29    29    29
    29    29    29    29
     0    29    29    30
    29    29    29    29
     0    29    29    30
    29    29    29    29
    29    29    29    29
    29    29    29    29
    29    29    29    29
    29    29    29    29
    29    29    29    29
    29    29    29    29
    29    29    29    29
    29    29    29    29
    29    29    29    29
    29    29    29    29
    29    29    29    29
    29    29    29    29
    29    29    29    29
    29    29    29    29
    29    29    29    29
    29    29    29    29
    29    29    29    29
     0    30    30    31
    30    30    30    30
    30    30    30    30
    30    30    30    30
    30    30    30    30
    30    30    30    30
    30    30    30    30
    30    30    30    30
    30    30    30    30
    30    30    30    30
    30    30    30    30
    30    30    30    30
    30    30    30    30
    30    30    30    30
    30    30    30    30
    30    30    30    30
    30    30    30    30
    30    30    30    30
    30    30    30    30
    30    30    30    30
    30    30    30    30
    30    30    30    30
    30    30    30    30
    30    30    30    30
    30    30    30    30
    30    30    30    30
    30    30    30    30
    30    30    30    30
    30    30    30    30
    30    30    30    30
    30    30    30    30
    30    30    30    30
    30    30    30    30
    30    30    30    30
    30    30    30    30
    30    30    30    30
    30    30    30    30
    30    30    30    30
    30    30    30    30
     0    30    30    31
    30    30    30    30
    30    30    30    30
    30    30    30    30
    30    30    30    30
    30    30    30    30
    30    30    30    30
    30    30    30    30
    30    30    30    30
    30    30    30    30
    30    30    30    30
    30    30    30    30
    30    30    30    30
    30    30    30    30
    30    30    30    30
    30    30    30    30
    30    30    30    30
    30    30    30    30
    30    30    30    30
    30    30    30    30
    30    30    30    30
    30    30    30    30
    30    30    30    30
    30    30    30    30
    30    30    30    30
     0    30    30    31
    30    30    30    30
    30    30    30    30
    30    30    30    30
     0    30    30    31
    30    30    30    30
    30    30    30    30
    30    30    30    30
    30    30    30    30
    30    30    30    30
    30    30    30    30
    30    30    30    30
    30    30    30    30
    30    30    30    30
    30    30    30    30
    30    30    30    30
    30    30    30    30
    30    30    30    30
    30    30    30    30
    30    30    30    30
    30    30    30    30
    30    30    30    30
    30    30    30    30
    30    30    30    30
    30    30    30    30
    30    30    30    30
    30    30    30    30
    30    30    30    30
    30    30    30    30
    30    30    30    30
    30    30    30    30
    30    30    30    30
    30    30    30    30
    30    30    30    30
     0    30    30    31
    30    30    30    30
    31    31    31    31
    31    31    31    31
    31    31    31    31
    31    31    31    31
    31    31    31    31
    31    31    31    31
    31    31    31    31
    31    31    31    31
    31    31    31    31
    31    31    31    31
    31    31    31    31
    31    31    31    31
    31    31    31    31
    31    31    31    31
    31    31    31    31
    31    31    31    31
    31    31    31    31
    31    31    31    31
    31    31    31    31
    31    31    31    31
    31    31    31    31
    31    31    31    31
    31    31    31    31
    31    31    31    31
    31    31    31    31
    31    31    31    31
    31    31    31    31
    31    31    31    31
    31    31    31    31
    31    31    31    31
    31    31    31    31
    31    31    31    31
    31    31    31    31
    31    31    31    31
    31    31    31    31
    31    31    31    31
    31    31    31    31
    31    31    31    31
    31    31    31    31
    31    31    31    31
    31    31    31    31
    31    31    31    31
    31    31    31    31
    31    31    31    31
    31    31    31    31
    31    31    31    31
    31    31    31    31
    31    31    31    31
    31    31    31    31
    31    31    31    31
    31    31    31    31
    31    31    31    31
    31    31    31    31
    31    31    31    31
    31    31    31    31
    31    31    31    31
    31    31    31    31
    31    31    31    31
    31    31    31    31
    31    31    31    31
    31    31    31    31
    31    31    31    31
    31    31    31    31
    31    31    31    31
    31    31    31    31
    31    31    31    31
    31    31    31    31
     0    31    31    31
    31    31    31    31
    31    31    31    31
    31    31    31    31
     0    31    31    31
    31    31    31    31
    31    31    31    31
    31    31    31    31
    31    31    31    31
    31    31    31    31
    31    31    31    31
    31    31    31    31
    31    31    31    31
    31    31    31    31
    31    31    31    31
    31    31    31    31
    31    31    31    31
    31    31    31    31
    31    31    31    31
    31    31    31    31
    31    31    31    31
    31    31    31    31
    31    31    31    31
    31    31    31    31
    31    31    31    31
    31    31    31    31
    31    31    31    31
    31    31    31    31
    31    31    31    31
    31    31    31    31
    31    31    31    31
    31    31    31    31
     0    31    31     31