
     1     1
     1     1
     1     1
     1     1
     1     1
     1     1
     1     1
     1     1
     1     1
     1     1
     1     1
     1     1
     1     1
     1     1
     1     1
    25     1
     1     1
     1     1
     1     1
     1     1
     1     1
     1     1
     1     1
     1     1
     1     1
     1     1
     1     1
     1     1
     1     1
     1     1
     1     1
     1     1
     1     1
     1     1
     1     1
     1     1
     1     1
     1     1
     1     1
     1     1
     1     1
     1     1
     1     1
     1     1
     1     1
     1     1
     1     1
     1     1
     1     1
     1     1
     1     1
     1     1
     1     1
     1     1
     1     1
     1     1
     1     1
     1     1
     1     1
     1     1
     1     1
     1     1
     1     1
     1     1
     1     1
     1     1
     1     1
     1     1
     1     1
     1     1
     1     1
     1     1
     1     1
     1     1
     1     1
    25     1
     1     1
     1     1
     1     1
     1     1
     1     1
     1     1
     1     1
     1     1
     1     1
     1     1
     1     1
     1     1
     1     1
     1     1
     1     1
     1     1
     1     1
     1     1
     1     1
     1     1
     1     1
     1     1
     1     1
     1     1
     2     2
     2     2
     2     2
     2     2
     2     2
     2     2
     2     2
     2     2
     2     2
     2     2
     2     2
     2     2
     2     2
     2     2
     2     2
     2     2
     2     2
     2     2
     2     2
     2     2
     2     2
     2     2
     2     2
     2     2
     2     2
    13     2
     2     2
     2     2
     2     2
     2     2
    14     2
     2     2
     2     2
     2     2
     2     2
     2     2
    13     2
     2     2
     2     2
     2     2
     2     2
     2     2
     2     2
     2     2
     2     2
     2     2
     2     2
     2     2
     2     2
     2     2
     2     2
     2     2
    13     2
     2     2
     2     2
     2     2
     2     2
     2     2
     2     2
     2     2
     2     2
     2     2
     2     2
     2     2
     2     2
     2     2
     2     2
     2     2
     2     2
     2     2
     2     2
     2     2
     2     2
     2     2
    13     2
     2     2
     2     2
     2     2
     2     2
     2     2
    13     2
     2     2
     2     2
     2     2
     2     2
     2     2
     2     2
     2     2
     2     2
     2     2
     2     2
     2     2
     2     2
     2     2
    14     2
     2     2
     2     2
     2     2
     2     2
     2     2
     3     3
     3     3
     3     3
     3     3
     3     3
     3     3
     3     3
     3     3
     3     3
     3     3
     3     3
     3     3
     3     3
     3     3
     3     3
     3     3
     3     3
     3     3
     3     3
     3     3
     3     3
     3     3
     3     3
     3     3
     3     3
     3     3
     3     3
     3     3
     3     3
     3     3
     3     3
     3     3
     3     3
     3     3
     3     3
     3     3
     3     3
     3     3
     3     3
     3     3
    19     3
     3     3
     3     3
     3     3
     3     3
     3     3
     3     3
     3     3
    19     3
     3     3
     3     3
     3     3
     3     3
     3     3
     3     3
     3     3
     3     3
     3     3
    19     3
    30     3
     3     3
     3     3
     3     3
     3     3
     3     3
     3     3
     3     3
     3     3
     3     3
     3     3
     3     3
    19     3
     3     3
     3     3
     3     3
     3     3
     3     3
     3     3
     3     3
     3     3
     3     3
     3     3
     3     3
    19     3
     3     3
     3     3
     3     3
     3     3
     3     3
     3     3
     3     3
     3     3
     3     3
     3     3
     3     3
     3     3
     3     3
     3     3
     3     3
     3     3
     4     4
     4     4
     4     4
     4     4
     4     4
     4     4
     4     4
     4     4
     4     4
     4     4
     4     4
     4     4
     4     4
     4     4
     4     4
     4     4
     4     4
     4     4
     4     4
     4     4
     4     4
     4     4
     4     4
     4     4
     4     4
    23     4
     4     4
     4     4
     4     4
     4     4
     4     4
     4     4
     4     4
     4     4
     4     4
     4     4
     4     4
     4     4
     4     4
     4     4
     4     4
     4     4
     4     4
     4     4
     4     4
     4     4
     4     4
     4     4
     4     4
     4     4
     4     4
     4     4
    23     4
     4     4
     4     4
     4     4
     4     4
     4     4
     4     4
     4     4
     4     4
     4     4
     4     4
     4     4
     4     4
     4     4
     4     4
     4     4
     4     4
     4     4
    24     4
     4     4
     4     4
     4     4
     4     4
     4     4
     4     4
     4     4
     4     4
     4     4
     4     4
     4     4
     4     4
     4     4
     4     4
     4     4
     4     4
     4     4
     4     4
     4     4
     4     4
    24     4
     4     4
     4     4
     4     4
     4     4
     4     4
     4     4
     4     4
     4     4
     5     5
     5     5
     5     5
    31     5
     5     5
     5     5
     5     5
     5     5
     5     5
     5     5
     5     5
     5     5
     5     5
     5     5
     5     5
     5     5
     5     5
     5     5
     5     5
     5     5
     5     5
     5     5
     5     5
     5     5
     5     5
     5     5
     5     5
     5     5
     5     5
     5     5
     5     5
    21     5
     5     5
     5     5
     5     5
     5     5
     5     5
     5     5
     5     5
     5     5
     5     5
     5     5
     5     5
     5     5
     5     5
     5     5
     5     5
     5     5
     5     5
     5     5
     5     5
     5     5
     5     5
     5     5
     5     5
     5     5
    21     5
     5     5
     5     5
     5     5
     5     5
     5     5
     5     5
     5     5
     5     5
    31     5
     5     5
    21     5
     5     5
     5     5
    31     5
     5     5
    21     5
     5     5
     5     5
     5     5
     5     5
     5     5
     5     5
     5     5
     5     5
     5     5
     5     5
     5     5
     5     5
     5     5
     5     5
     5     5
     5     5
     5     5
     5     5
     5     5
     5     5
     5     5
     5     5
    31     5
     5     5
     5     5
     5     5
     5     5
     6     6
     6     6
     6     6
     6     6
     6     6
     6     6
     6     6
     6     6
     6     6
     6     6
     1     6
     6     6
     6     6
     6     6
     6     6
     6     6
     6     6
     6     6
     6     6
     6     6
     6     6
     6     6
     6     6
     6     6
     6     6
     6     6
     6     6
     6     6
     6     6
     6     6
     6     6
     6     6
     6     6
     6     6
     6     6
     6     6
     6     6
     6     6
     6     6
     6     6
     6     6
     6     6
     6     6
     6     6
     6     6
     6     6
     6     6
     6     6
     6     6
     6     6
     6     6
     6     6
     6     6
     6     6
     6     6
     6     6
     6     6
     6     6
     6     6
     6     6
     6     6
     6     6
     6     6
     6     6
     6     6
     6     6
     6     6
     6     6
     6     6
     6     6
     6     6
     6     6
     6     6
     6     6
     6     6
     6     6
     6     6
    12     6
     6     6
     6     6
     6     6
     6     6
     6     6
     6     6
     6     6
     6     6
     6     6
     6     6
     6     6
     6     6
     6     6
     6     6
     6     6
     6     6
     6     6
     6     6
     6     6
     6     6
     6     6
     6     6
     7     7
     7     7
     7     7
     7     7
     7     7
    23     7
     7     7
     7     7
     7     7
     7     7
     7     7
     7     7
     7     7
     7     7
     7     7
     7     7
     7     7
     7     7
     7     7
     7     7
     7     7
     7     7
     7     7
     7     7
     7     7
     7     7
     7     7
     7     7
     7     7
     7     7
     7     7
     7     7
     7     7
     7     7
     7     7
     7     7
     7     7
     7     7
     7     7
     7     7
     7     7
     7     7
     7     7
    23     7
     7     7
     7     7
     7     7
     7     7
     7     7
     7     7
     7     7
     7     7
     7     7
     7     7
     7     7
     7     7
     7     7
     7     7
     7     7
     7     7
     7     7
     7     7
     7     7
     7     7
     7     7
     7     7
     7     7
     7     7
     7     7
     7     7
     7     7
     7     7
     7     7
     7     7
     7     7
     7     7
     7     7
     7     7
     7     7
     7     7
     7     7
     7     7
     7     7
     7     7
     7     7
     7     7
     7     7
     7     7
     7     7
     7     7
     7     7
     7     7
     7     7
     7     7
     7     7
     7     7
     7     7
     7     7
     7     7
     7     7
     8     8
     8     8
     8     8
     8     8
     8     8
     8     8
     8     8
    10     8
     8     8
     8     8
     8     8
     8     8
     8     8
     8     8
     8     8
     8     8
     8     8
    10     8
     8     8
     8     8
     8     8
     8     8
     8     8
    29     8
     8     8
     8     8
     8     8
    10     8
     8     8
     8     8
     8     8
     8     8
     8     8
     8     8
     8     8
    14     8
     8     8
     8     8
     8     8
     8     8
     8     8
     8     8
     8     8
     8     8
     8     8
     8     8
     8     8
     8     8
     8     8
     8     8
     8     8
     8     8
     8     8
     8     8
     8     8
     8     8
     8     8
     8     8
     8     8
     8     8
     8     8
     8     8
     8     8
     8     8
     8     8
     8     8
     8     8
     8     8
     8     8
     8     8
     8     8
     8     8
     8     8
     8     8
     8     8
     8     8
     8     8
     8     8
     8     8
     8     8
     8     8
     8     8
     8     8
     8     8
     8     8
     8     8
     8     8
     8     8
     8     8
     8     8
     8     8
     8     8
    10     8
     8     8
     8     8
     8     8
     8     8
     8     8
     8     8
     8     8
     9     9
     9     9
     9     9
     9     9
     9     9
     9     9
     9     9
     9     9
     9     9
     9     9
     9     9
     9     9
     9     9
     9     9
     9     9
     9     9
     7     9
     9     9
     9     9
     9     9
     9     9
     9     9
     9     9
     9     9
     9     9
     9     9
     9     9
     9     9
     9     9
     9     9
     9     9
     9     9
     9     9
     9     9
     9     9
     9     9
     9     9
     9     9
     9     9
     9     9
     9     9
     9     9
     9     9
     9     9
     9     9
     9     9
     9     9
     9     9
     9     9
     9     9
     9     9
     9     9
     9     9
     9     9
     9     9
     9     9
     9     9
     9     9
     9     9
     9     9
     9     9
     9     9
     9     9
     9     9
     9     9
     9     9
     9     9
     9     9
     9     9
     9     9
     9     9
     9     9
     9     9
     9     9
     9     9
     9     9
     9     9
     9     9
     9     9
     9     9
     9     9
     9     9
     9     9
     9     9
     9     9
     9     9
     9     9
     9     9
     9     9
     9     9
     9     9
     9     9
     9     9
     9     9
     9     9
     9     9
     9     9
     9     9
     9     9
     9     9
    10    10
    10    10
     8    10
    10    10
     8    10
    10    10
    10    10
    10    10
    10    10
    10    10
    10    10
    10    10
    10    10
    10    10
    10    10
    10    10
    10    10
    29    10
    10    10
    10    10
    10    10
    10    10
    21    10
    10    10
    10    10
    10    10
    10    10
    10    10
    10    10
    10    10
    10    10
    10    10
    10    10
    10    10
    10    10
    10    10
    10    10
    10    10
    10    10
    10    10
    10    10
    10    10
    10    10
    10    10
    10    10
    10    10
    10    10
    10    10
    10    10
    10    10
    10    10
    10    10
    10    10
    10    10
    10    10
    10    10
    10    10
    10    10
    10    10
    10    10
    10    10
    10    10
    10    10
    10    10
    10    10
    10    10
    10    10
    10    10
    10    10
    10    10
    10    10
    10    10
    10    10
    10    10
    10    10
    10    10
    21    10
    28    10
    10    10
    10    10
    10    10
    10    10
    10    10
    10    10
    10    10
    10    10
    10    10
     8    10
    10    10
    10    10
    10    10
    10    10
    10    10
    10    10
    10    10
    10    10
    10    10
    10    10
    10    10
    10    10
    11    11
    11    11
    11    11
    11    11
    11    11
    11    11
    11    11
    11    11
    11    11
    11    11
    11    11
    11    11
    11    11
    27    11
    11    11
    11    11
    11    11
    11    11
    11    11
    11    11
    11    11
    11    11
    11    11
    25    11
    11    11
    11    11
    11    11
    11    11
    11    11
    11    11
    11    11
    11    11
    11    11
    11    11
    11    11
    11    11
    11    11
    11    11
    11    11
    11    11
    11    11
    11    11
    11    11
    11    11
    11    11
    11    11
    11    11
    11    11
    11    11
    25    11
    11    11
    11    11
    11    11
    11    11
    11    11
    11    11
    11    11
    11    11
    11    11
    11    11
    11    11
    11    11
    11    11
    11    11
    11    11
    25    11
    25    11
    11    11
    11    11
    11    11
    11    11
    11    11
    11    11
    27    11
    27    11
    11    11
    11    11
    11    11
    11    11
    11    11
    11    11
    11    11
    11    11
    11    11
    11    11
    11    11
    11    11
     1    11
    11    11
    11    11
    11    11
    11    11
    25    11
    11    11
    11    11
    25    11
    11    11
    11    11
    11    11
    11    11
    12    12
    12    12
    12    12
    12    12
    12    12
    12    12
    12    12
    12    12
    12    12
    12    12
    26    12
    12    12
    12    12
    12    12
    12    12
    12    12
    18    12
    12    12
    12    12
    12    12
    12    12
    12    12
    12    12
    12    12
    12    12
    12    12
    12    12
    12    12
    12    12
    12    12
    12    12
    12    12
    12    12
    12    12
    18    12
    12    12
    18    12
    12    12
    12    12
    12    12
    12    12
    12    12
    12    12
    12    12
    12    12
    12    12
    12    12
    12    12
    12    12
    12    12
    12    12
    12    12
    12    12
    12    12
    12    12
    12    12
    12    12
    12    12
    12    12
    12    12
    12    12
    12    12
    12    12
    12    12
    12    12
    12    12
    12    12
    12    12
    12    12
    12    12
    18    12
    12    12
    12    12
    12    12
    18    12
    12    12
    12    12
    12    12
    12    12
    12    12
    12    12
    12    12
    12    12
    12    12
    12    12
    12    12
    12    12
    26    12
    12    12
    12    12
    12    12
    12    12
    12    12
    12    12
    12    12
    12    12
    12    12
    12    12
    12    12
    12    12
    13    13
    13    13
     2    13
    13    13
    13    13
    13    13
    13    13
    13    13
    13    13
     2    13
    13    13
    13    13
    13    13
    13    13
    13    13
    13    13
    13    13
    13    13
    13    13
    13    13
    13    13
    13    13
    13    13
    13    13
    13    13
     2    13
    13    13
    13    13
    13    13
    13    13
    13    13
    13    13
    13    13
    13    13
    13    13
    13    13
    13    13
    13    13
    13    13
    13    13
    13    13
    13    13
    13    13
    13    13
    13    13
    13    13
    13    13
     2    13
    13    13
    13    13
    13    13
    13    13
    13    13
    13    13
    13    13
    13    13
    13    13
    13    13
    13    13
    13    13
    13    13
    13    13
    13    13
    13    13
    13    13
    13    13
    13    13
    13    13
    13    13
    13    13
    13    13
    13    13
    13    13
    13    13
    13    13
    13    13
    13    13
    13    13
    13    13
    13    13
    13    13
    13    13
    13    13
    13    13
    13    13
    13    13
    13    13
    13    13
     2    13
    13    13
    13    13
    13    13
    13    13
    13    13
    13    13
    13    13
    13    13
    13    13
    13    13
    13    13
    14    14
    14    14
    14    14
    14    14
    14    14
    14    14
    14    14
    14    14
    14    14
     2    14
    14    14
    14    14
    14    14
    14    14
    14    14
    14    14
    14    14
    14    14
    14    14
    14    14
    14    14
    14    14
    14    14
    14    14
    14    14
    14    14
    14    14
    14    14
    14    14
    14    14
    14    14
    14    14
    14    14
    14    14
    14    14
    14    14
    14    14
    14    14
     2    14
    14    14
    14    14
    14    14
    14    14
    14    14
    14    14
    14    14
    14    14
    14    14
    14    14
    14    14
    14    14
    14    14
    14    14
    14    14
    14    14
    14    14
    14    14
    14    14
    14    14
    14    14
    14    14
    14    14
    14    14
    14    14
    14    14
    14    14
    14    14
    14    14
    14    14
    14    14
    14    14
    14    14
    14    14
    14    14
    14    14
    14    14
    14    14
    14    14
    14    14
    14    14
    14    14
    14    14
    14    14
    14    14
    14    14
    14    14
    14    14
    14    14
    14    14
    14    14
    14    14
    14    14
    14    14
    14    14
    14    14
    14    14
    14    14
    14    14
    14    14
    14    14
    15    15
    15    15
    15    15
    15    15
    15    15
    15    15
    15    15
    15    15
    15    15
    15    15
    15    15
    15    15
    15    15
    15    15
    15    15
    15    15
    15    15
    15    15
    15    15
    15    15
    15    15
    15    15
    15    15
    15    15
    15    15
    15    15
    15    15
    15    15
    15    15
    15    15
    15    15
    15    15
    15    15
    15    15
    15    15
    15    15
    15    15
    15    15
    15    15
    15    15
    15    15
    15    15
    15    15
    15    15
    15    15
    15    15
    15    15
    15    15
    15    15
    15    15
    15    15
    15    15
    15    15
    15    15
    15    15
    15    15
    15    15
    15    15
    15    15
    15    15
    15    15
    15    15
    15    15
    15    15
    15    15
    15    15
    15    15
    15    15
    15    15
    15    15
    15    15
    15    15
    15    15
    15    15
    15    15
    15    15
    15    15
    15    15
    15    15
    15    15
    15    15
    15    15
    15    15
    15    15
    15    15
    15    15
    15    15
    15    15
    15    15
    15    15
    15    15
    15    15
    15    15
    15    15
    15    15
    15    15
    15    15
    15    15
    15    15
    15    15
    16    16
    16    16
    16    16
    16    16
    16    16
    16    16
    16    16
    16    16
    16    16
    16    16
    16    16
    16    16
    16    16
    16    16
    16    16
    16    16
    16    16
    16    16
    16    16
    16    16
    16    16
    16    16
    16    16
    16    16
    16    16
    16    16
    16    16
    16    16
    16    16
    16    16
    16    16
    16    16
    16    16
    16    16
    16    16
    16    16
    16    16
    16    16
    16    16
    16    16
    16    16
    16    16
    16    16
    16    16
    16    16
    16    16
    16    16
    16    16
    16    16
    16    16
    16    16
    16    16
    16    16
    16    16
    16    16
    16    16
    16    16
    16    16
    16    16
    16    16
    16    16
    16    16
    16    16
    16    16
    16    16
    16    16
    16    16
    16    16
    16    16
    16    16
    16    16
    16    16
    16    16
    16    16
    16    16
    16    16
    16    16
    16    16
    16    16
    16    16
    16    16
    16    16
    16    16
    16    16
    16    16
    16    16
    16    16
    16    16
    16    16
    16    16
    16    16
    16    16
    16    16
    16    16
    16    16
    16    16
    16    16
    16    16
    16    16
    16    16
    17    17
    17    17
    17    17
    17    17
    17    17
    17    17
    17    17
    17    17
    17    17
    17    17
    17    17
    17    17
    17    17
    17    17
    17    17
    17    17
    17    17
    17    17
    17    17
    17    17
    17    17
    17    17
    17    17
    17    17
    17    17
    17    17
    17    17
    17    17
    17    17
    17    17
    17    17
    17    17
    17    17
    17    17
    17    17
    17    17
    17    17
    17    17
    17    17
    17    17
    17    17
    17    17
    17    17
    17    17
    17    17
    17    17
    17    17
    17    17
    17    17
    17    17
    17    17
    17    17
    17    17
    17    17
    17    17
    17    17
    17    17
    17    17
    17    17
    17    17
    17    17
    17    17
    17    17
    17    17
    17    17
    17    17
    17    17
    17    17
    17    17
    17    17
    17    17
    17    17
    17    17
    17    17
    17    17
    17    17
    17    17
    17    17
    17    17
    17    17
    16    17
    17    17
    17    17
    17    17
    17    17
    17    17
    17    17
    17    17
    17    17
    17    17
    17    17
    17    17
    17    17
    17    17
    17    17
    17    17
    17    17
    17    17
    17    17
    17    17
    18    18
    18    18
    18    18
    18    18
    18    18
    18    18
    18    18
    18    18
    18    18
    18    18
    18    18
    18    18
    18    18
    18    18
    18    18
    18    18
    18    18
    18    18
    18    18
    18    18
    18    18
    12    18
    18    18
    18    18
    18    18
    18    18
    18    18
    18    18
    18    18
    18    18
    18    18
    18    18
    18    18
    18    18
    18    18
    18    18
    18    18
    18    18
    18    18
    12    18
    18    18
    18    18
    18    18
    18    18
    18    18
    18    18
    18    18
    18    18
    18    18
    18    18
    18    18
    18    18
    18    18
    18    18
    12    18
    18    18
    18    18
    18    18
    18    18
    18    18
    18    18
    18    18
    18    18
    18    18
    18    18
    18    18
    18    18
    18    18
    18    18
    18    18
    18    18
    12    18
    12    18
    18    18
    18    18
    18    18
    18    18
    18    18
    18    18
    18    18
    18    18
    18    18
    18    18
    18    18
    18    18
    18    18
    18    18
    18    18
    18    18
    18    18
    18    18
    18    18
    18    18
    18    18
    18    18
    18    18
    18    18
    18    18
    18    18
    18    18
    19    19
    19    19
    19    19
    19    19
    19    19
    19    19
    19    19
    19    19
    19    19
    19    19
    19    19
    19    19
    19    19
    19    19
    19    19
    19    19
    19    19
    19    19
    19    19
    19    19
    19    19
    19    19
    19    19
    19    19
    19    19
    19    19
    19    19
    19    19
    19    19
    19    19
    19    19
    19    19
    19    19
    19    19
    19    19
    19    19
    19    19
    19    19
    19    19
    19    19
    19    19
    19    19
    19    19
    19    19
    19    19
    19    19
    19    19
    19    19
    19    19
    19    19
    19    19
    19    19
    19    19
    19    19
    19    19
    19    19
    19    19
    19    19
    19    19
    19    19
    19    19
    19    19
    19    19
    19    19
    19    19
    19    19
    19    19
    19    19
    19    19
    19    19
    19    19
    19    19
    19    19
    19    19
     3    19
    19    19
    19    19
    19    19
    19    19
    19    19
    19    19
    19    19
    19    19
    19    19
    19    19
    19    19
    19    19
    19    19
    19    19
    19    19
    19    19
    19    19
    19    19
    19    19
    19    19
    19    19
    19    19
    19    19
    19    19
    19    19
    20    20
    20    20
    20    20
    20    20
    20    20
    20    20
    20    20
    20    20
    20    20
    20    20
    20    20
    20    20
    20    20
    20    20
    20    20
    20    20
    20    20
    20    20
    20    20
    20    20
    20    20
    20    20
    20    20
    20    20
    20    20
    20    20
    20    20
    20    20
    20    20
    20    20
    20    20
    20    20
    20    20
    20    20
    20    20
    20    20
    20    20
    20    20
    20    20
    20    20
    20    20
    20    20
    20    20
    20    20
    20    20
    20    20
    20    20
    20    20
    20    20
    20    20
    20    20
    20    20
    20    20
    20    20
    20    20
    20    20
    20    20
    20    20
    20    20
    20    20
    20    20
    20    20
    20    20
    20    20
    20    20
    20    20
    20    20
    20    20
    20    20
    20    20
    20    20
    20    20
    20    20
    20    20
    20    20
    20    20
    20    20
    20    20
    20    20
    20    20
    20    20
    20    20
    20    20
    20    20
    20    20
    20    20
    20    20
    20    20
    20    20
    20    20
    20    20
    20    20
    20    20
    20    20
    20    20
    20    20
    20    20
    20    20
    20    20
    20    20
    21    21
    28    21
    21    21
    21    21
    21    21
    21    21
    21    21
    21    21
    21    21
    21    21
    21    21
    21    21
    21    21
    21    21
    21    21
    21    21
    21    21
    21    21
    21    21
    21    21
    21    21
    21    21
    21    21
    21    21
    21    21
    21    21
    21    21
    21    21
    21    21
    21    21
    21    21
    21    21
    21    21
    21    21
    21    21
    21    21
    21    21
    21    21
    21    21
    21    21
    21    21
    21    21
    21    21
    21    21
    21    21
    21    21
    21    21
    21    21
    21    21
    21    21
    21    21
    21    21
    21    21
    21    21
    21    21
    21    21
    21    21
    21    21
    21    21
    21    21
    21    21
    21    21
    21    21
    21    21
    21    21
    21    21
    21    21
    21    21
    21    21
    21    21
     5    21
    21    21
    21    21
    21    21
    21    21
    21    21
    21    21
    21    21
    21    21
    21    21
    21    21
    21    21
    28    21
    21    21
    21    21
    21    21
    21    21
    21    21
    21    21
    21    21
    21    21
    21    21
    21    21
    21    21
    21    21
    21    21
    21    21
    21    21
    21    21
    21    21
    22    22
    22    22
    22    22
    22    22
    22    22
    22    22
    22    22
    22    22
    22    22
    22    22
    22    22
    22    22
    22    22
    22    22
    22    22
    22    22
    22    22
    22    22
    22    22
    22    22
    22    22
    22    22
    22    22
    22    22
    22    22
    22    22
    22    22
    22    22
    22    22
    22    22
    22    22
    22    22
    22    22
    22    22
    22    22
    22    22
    22    22
    22    22
    22    22
    22    22
    22    22
    22    22
    22    22
    22    22
    22    22
    22    22
    22    22
    22    22
     9    22
    22    22
    22    22
    22    22
    22    22
    22    22
     9    22
    22    22
    22    22
    22    22
    22    22
    22    22
    22    22
    22    22
    22    22
    22    22
    22    22
    22    22
    22    22
    22    22
    22    22
    22    22
    22    22
    22    22
    22    22
    22    22
    22    22
    22    22
    22    22
    22    22
    22    22
    22    22
    22    22
    22    22
    22    22
    22    22
    22    22
    22    22
    22    22
    22    22
    22    22
    22    22
    22    22
    22    22
    22    22
    22    22
    22    22
    22    22
    22    22
    22    22
    22    22
    22    22
    23    23
    23    23
    23    23
    23    23
    23    23
    23    23
    23    23
    23    23
    23    23
    23    23
    23    23
    23    23
    23    23
    23    23
    23    23
    23    23
    23    23
    23    23
     4    23
    23    23
    23    23
    23    23
    23    23
    23    23
    23    23
    23    23
    23    23
    23    23
    23    23
    23    23
    23    23
    23    23
    23    23
    23    23
    23    23
    23    23
    23    23
    23    23
    23    23
    23    23
    23    23
    23    23
    23    23
    23    23
    23    23
    23    23
    23    23
    23    23
    23    23
    23    23
    23    23
    23    23
    23    23
    23    23
    23    23
    23    23
    23    23
    23    23
    23    23
    23    23
    23    23
    23    23
    23    23
    23    23
    23    23
    23    23
    23    23
    23    23
    23    23
    23    23
    23    23
    23    23
    23    23
    23    23
    23    23
    23    23
    23    23
    23    23
    23    23
    23    23
     4    23
    23    23
    23    23
    23    23
    23    23
    23    23
    23    23
    23    23
    23    23
     4    23
    23    23
    23    23
    23    23
    23    23
    23    23
    23    23
    23    23
    23    23
    23    23
    23    23
    24    24
    24    24
    24    24
    24    24
    24    24
    24    24
    24    24
    24    24
    24    24
    24    24
    24    24
    24    24
    24    24
    24    24
    24    24
    24    24
    24    24
    24    24
    24    24
    24    24
    24    24
    24    24
    24    24
    24    24
    24    24
    24    24
    24    24
    24    24
    24    24
    24    24
    24    24
    24    24
    24    24
    24    24
    24    24
    24    24
    18    24
    24    24
    24    24
    24    24
    24    24
    24    24
    24    24
    24    24
    24    24
    24    24
    24    24
     4    24
    24    24
    24    24
    24    24
    24    24
    24    24
    24    24
    24    24
    24    24
    24    24
    24    24
    24    24
    24    24
    24    24
    24    24
    24    24
    24    24
    24    24
    24    24
    24    24
    24    24
    24    24
    24    24
    24    24
    24    24
    24    24
    24    24
    24    24
    24    24
    24    24
    24    24
    24    24
    24    24
    24    24
    24    24
    24    24
    24    24
    24    24
    24    24
    24    24
    24    24
    24    24
    24    24
    24    24
    24    24
    24    24
    24    24
    24    24
    24    24
    24    24
    24    24
    24    24
    24    24
    25    25
    25    25
    25    25
    25    25
    25    25
    25    25
    25    25
    25    25
    25    25
    25    25
    25    25
    25    25
    25    25
    25    25
    25    25
    25    25
    25    25
    25    25
    25    25
    25    25
    25    25
    25    25
    25    25
    25    25
    25    25
    25    25
    25    25
    25    25
    25    25
    25    25
    25    25
    25    25
    25    25
    25    25
    25    25
    25    25
    25    25
    25    25
    25    25
    25    25
    25    25
    25    25
    25    25
    25    25
    25    25
    25    25
    25    25
    25    25
    25    25
    25    25
    25    25
    25    25
    25    25
    25    25
    25    25
    25    25
    25    25
    25    25
    25    25
    25    25
    25    25
    25    25
    25    25
    25    25
    25    25
    25    25
    25    25
    25    25
    25    25
    25    25
    25    25
    25    25
    25    25
    25    25
    25    25
    25    25
    25    25
    25    25
    11    25
    25    25
    25    25
    25    25
    25    25
    25    25
    25    25
    25    25
    25    25
    25    25
    25    25
    25    25
    25    25
    25    25
    25    25
    25    25
    25    25
    25    25
    25    25
    25    25
    25    25
    25    25
    26    26
    26    26
    26    26
    12    26
    26    26
    26    26
    26    26
    26    26
    26    26
    26    26
    26    26
    26    26
    26    26
    26    26
    26    26
    26    26
    26    26
    26    26
    26    26
    26    26
    26    26
    26    26
    26    26
    26    26
    26    26
    26    26
    26    26
    26    26
    26    26
    26    26
    26    26
    26    26
    26    26
    26    26
    26    26
    26    26
    26    26
    26    26
    26    26
    26    26
    26    26
    26    26
    26    26
    26    26
    26    26
    26    26
    26    26
    26    26
    26    26
    26    26
    26    26
    26    26
    26    26
    26    26
    26    26
    26    26
    26    26
    26    26
    26    26
    26    26
    26    26
    26    26
    26    26
    26    26
    26    26
    26    26
    26    26
    26    26
    26    26
    26    26
    26    26
    26    26
    26    26
    26    26
    26    26
    26    26
    26    26
    26    26
    26    26
    26    26
    26    26
    26    26
    26    26
    26    26
    26    26
    26    26
    26    26
    26    26
    26    26
    26    26
    26    26
    26    26
    26    26
    26    26
    26    26
    26    26
    26    26
    26    26
    26    26
    26    26
    27    27
    27    27
    27    27
    27    27
    27    27
    27    27
    27    27
    27    27
    27    27
    27    27
    27    27
    27    27
    27    27
    27    27
    27    27
    27    27
     2    27
    27    27
    27    27
    27    27
    27    27
    27    27
    27    27
    27    27
    27    27
    27    27
    27    27
    27    27
    27    27
    27    27
    27    27
    27    27
    27    27
    27    27
    27    27
    27    27
    27    27
    27    27
    27    27
    27    27
    27    27
    27    27
    27    27
    27    27
    27    27
    11    27
    27    27
    27    27
    27    27
    27    27
    27    27
    27    27
    27    27
    27    27
    27    27
    27    27
    27    27
    27    27
    27    27
    27    27
    27    27
    27    27
    27    27
    27    27
    11    27
    27    27
    27    27
    27    27
    27    27
    27    27
    27    27
    27    27
    27    27
    27    27
    27    27
    27    27
    27    27
    27    27
    27    27
    27    27
    27    27
    27    27
    27    27
    27    27
    27    27
    27    27
    27    27
    27    27
    27    27
    27    27
    27    27
    27    27
    27    27
    27    27
    27    27
    27    27
    27    27
    27    27
    27    27
    27    27
    28    28
    28    28
    28    28
    28    28
    28    28
    28    28
    28    28
    28    28
    28    28
    28    28
    28    28
    28    28
    28    28
    28    28
    28    28
    28    28
    21    28
    28    28
    28    28
    28    28
    28    28
    28    28
    28    28
    28    28
    28    28
    28    28
    28    28
    28    28
    28    28
    28    28
    28    28
    28    28
    28    28
    28    28
    28    28
    28    28
    28    28
    28    28
    28    28
    28    28
    28    28
    28    28
    28    28
    28    28
    28    28
    28    28
    28    28
    28    28
    28    28
    28    28
    28    28
    28    28
    28    28
    28    28
    28    28
    28    28
    28    28
    21    28
    28    28
    28    28
    28    28
    28    28
    28    28
    28    28
    28    28
    28    28
    28    28
    28    28
    28    28
    28    28
    28    28
    28    28
    28    28
    28    28
    28    28
    28    28
    28    28
    28    28
    28    28
    28    28
    28    28
    28    28
    28    28
    28    28
    28    28
    28    28
    28    28
    28    28
    28    28
    28    28
    28    28
    28    28
    21    28
    28    28
    28    28
    28    28
    28    28
    28    28
    28    28
    28    28
    29    29
    29    29
    29    29
    29    29
    29    29
    29    29
    29    29
    29    29
    29    29
    29    29
    29    29
    29    29
    29    29
    29    29
    29    29
    29    29
    29    29
    29    29
    29    29
    29    29
    29    29
    29    29
    29    29
    29    29
    29    29
    29    29
    29    29
    29    29
    29    29
    29    29
    29    29
    29    29
    29    29
    29    29
    29    29
    29    29
    29    29
    29    29
    29    29
    29    29
    29    29
    29    29
    29    29
    29    29
    29    29
    29    29
    29    29
    29    29
    29    29
    29    29
    29    29
    29    29
    29    29
    29    29
    29    29
    29    29
    29    29
    29    29
    29    29
    29    29
    29    29
    29    29
    29    29
    29    29
    29    29
    29    29
    29    29
    29    29
    29    29
    29    29
    29    29
    29    29
    29    29
    29    29
    29    29
    29    29
    29    29
    29    29
    29    29
    29    29
    29    29
    29    29
    29    29
    29    29
    29    29
    29    29
    29    29
    29    29
    29    29
    29    29
    29    29
    29    29
    29    29
    29    29
    29    29
    29    29
    29    29
    29    29
    29    29
    29    29
    30    30
    30    30
    30    30
    30    30
    30    30
    30    30
    30    30
    30    30
    30    30
    30    30
    30    30
    30    30
    30    30
    30    30
    30    30
    30    30
    30    30
    30    30
    30    30
    30    30
    30    30
    30    30
    30    30
    30    30
    30    30
    30    30
    30    30
    30    30
    30    30
    30    30
    30    30
    30    30
    30    30
    30    30
    30    30
    30    30
    30    30
    30    30
    30    30
    30    30
    30    30
    30    30
    30    30
    30    30
    30    30
    30    30
    30    30
    30    30
    30    30
    30    30
    30    30
    30    30
    30    30
    30    30
    30    30
    30    30
    30    30
    30    30
    30    30
    30    30
    30    30
    30    30
    30    30
    30    30
    30    30
    30    30
    30    30
    30    30
    30    30
    30    30
    30    30
    30    30
    30    30
    30    30
    30    30
    30    30
    30    30
    30    30
    30    30
    30    30
    30    30
    30    30
    30    30
    30    30
    30    30
    30    30
    30    30
    30    30
    30    30
    30    30
    30    30
    30    30
    30    30
    30    30
    30    30
    30    30
    30    30
    30    30
    30    30
    30    30
    31    31
    31    31
    31    31
    31    31
    31    31
    31    31
    31    31
    31    31
    31    31
    31    31
    31    31
    31    31
    31    31
    31    31
    31    31
    31    31
    31    31
    31    31
    31    31
    31    31
    31    31
    31    31
    31    31
    31    31
    31    31
    31    31
    31    31
    31    31
    31    31
    31    31
    31    31
    31    31
    31    31
    31    31
    31    31
    31    31
    31    31
    31    31
    31    31
    31    31
    31    31
    31    31
    31    31
    31    31
    31    31
    31    31
    31    31
    31    31
    31    31
    31    31
    31    31
    31    31
    31    31
    31    31
    31    31
    31    31
    31    31
    31    31
    31    31
    31    31
    31    31
    31    31
    31    31
    31    31
    31    31
    31    31
    31    31
    31    31
    31    31
    31    31
    31    31
    31    31
    31    31
    31    31
    31    31
    31    31
    31    31
    31    31
    31    31
    31    31
    31    31
    31    31
    31    31
    31    31
    31    31
    31    31
    31    31
    31    31
    31    31
    31    31
    31    31
    31    31
    31    31
    31    31
    31    31
    31    31
    31    31
    31    31
    31    31
    31    31