    15     1    15
    24     1    15
    15     1    15
    15     1    15
    15     1    15
    15     1    15
    24     1    15
    15     1    15
    24     1    15
    24     1    15
    24     1    15
    15     1    15
    24     1    15
    15     1    15
    15     1    15
     6     1    15
    15     1    15
    24     1    15
    24     1    15
    15     1    15
    15     1    15
    15     1    15
    15     1    15
    15     1    15
    24     1    15
    15     1    15
    24     1    15
    15     1    15
    24     1    15
    15     1    15
    15     1    15
    15     1    15
    24     1    15
    24     1    15
    15     1    15
    15     1    15
    24     1    15
    15     1    15
    24     1    15
    15     1    15
    15     1    15
    15     1    15
    15     1    15
    24     1    15
    15     1    15
    15     1    15
    15     1    15
    15     1    15
    24     1    15
    24     1    15
    24     1    15
    15     1    15
    24     1    15
    24     1    15
    15     1    15
    15     1    15
    24     1    15
    24     1    15
    24     1    15
    15     1    15
    15     1    15
    15     1    15
    24     1    15
    15     1    15
    15     1    15
    24     1    15
    15     1    15
    24     1    15
    15     1    15
    24     1    15
    15     1    15
    15     1    15
    15     1    15
    15     1    15
    15     1    15
     6     1    15
    24     1    15
    15     1    15
    15     1    15
    15     1    15
    24     1    15
    15     1    15
    15     1    15
    15     1    15
    15     1    15
    24     1    15
    24     1    15
    15     1    15
    15     1    15
    24     1    15
    15     1    15
    15     1    15
    15     1    15
    24     1    15
    24     1    15
    15     1    15
    15     1    15
    15     1    15
    24     1    15
    24     1    15
    16     2    16
    16     2    16
    16     2    16
    16     2    16
    16     2    16
    16     2    16
    16     2    16
    16     2    16
    16     2    16
    16     2    16
    16     2    16
    16     2    16
    16     2    16
    16     2    16
    16     2    16
    16     2    16
    16     2    16
    16     2    16
    16     2    16
    16     2    16
    16     2    16
    16     2    16
    16     2    16
    21     2    16
    16     2    16
    16     2    16
    16     2    16
    16     2    16
    16     2    16
    16     2    16
    23     2    16
    16     2    16
    16     2    16
    16     2    16
    16     2    16
    16     2    16
    16     2    16
    21     2    16
    16     2    16
    16     2    16
    16     2    16
    16     2    16
    16     2    16
    16     2    16
    16     2    16
    16     2    16
    16     2    16
    16     2    16
    16     2    16
    16     2    16
    16     2    16
    16     2    16
    21     2    16
    16     2    16
    16     2    16
    16     2    16
    16     2    16
    16     2    16
    16     2    16
    16     2    16
    16     2    16
    16     2    16
    16     2    16
    16     2    16
    16     2    16
    16     2    16
    16     2    16
    16     2    16
    16     2    16
    16     2    16
    16     2    16
    16     2    16
    16     2    16
    16     2    16
    16     2    16
    16     2    16
    16     2    16
    16     2    16
    16     2    16
    16     2    16
    16     2    16
    16     2    16
    16     2    16
    16     2    16
    16     2    16
    16     2    16
    16     2    16
    16     2    16
    16     2    16
    16     2    16
    16     2    16
    16     2    16
    16     2    16
    16     2    16
    23     2    16
    16     2    16
    16     2    16
    16     2    16
    16     2    16
    16     2    16
    19     3    19
     2     3    19
     2     3    19
    19     3    19
     2     3    19
     2     3    19
     2     3    19
     2     3    19
     2     3    19
     2     3    19
     2     3    19
    19     3    19
    19     3    19
    19     3    19
     2     3    19
     2     3    19
    19     3    19
    19     3    19
     2     3    19
    19     3    19
     2     3    19
    19     3    19
     2     3    19
    19     3    19
     2     3    19
     2     3    19
    19     3    19
    19     3    19
    19     3    19
     2     3    19
     2     3    19
    19     3    19
    19     3    19
    19     3    19
     2     3    19
     2     3    19
    19     3    19
    19     3    19
    19     3    19
     2     3    19
    19     3    19
     2     3    19
    19     3    19
     2     3    19
     2     3    19
    19     3    19
     2     3    19
     2     3    19
    18     3    19
    19     3    19
    19     3    19
     2     3    19
    19     3    19
     2     3    19
     2     3    19
     2     3    19
     2     3    19
     2     3    19
    19     3    19
    13     3    19
     2     3    19
     2     3    19
     2     3    19
    19     3    19
     2     3    19
    19     3    19
     2     3    19
     2     3    19
     2     3    19
     2     3    19
    19     3    19
    19     3    19
    19     3    19
    19     3    19
    19     3    19
    19     3    19
    19     3    19
     2     3    19
    19     3    19
    19     3    19
    19     3    19
     2     3    19
    19     3    19
    18     3    19
     2     3    19
    19     3    19
     2     3    19
     2     3    19
    19     3    19
     2     3    19
     2     3    19
    19     3    19
    19     3    19
    19     3    19
    19     3    19
     2     3    19
    19     3    19
     2     3    19
     2     3    19
     2     3    19
     1     4     1
     1     4     1
     1     4     1
     1     4     1
     1     4     1
     1     4     1
     1     4     1
     1     4     1
     1     4     1
     1     4     1
     5     4     1
     5     4     1
     5     4     1
     1     4     1
     1     4     1
     1     4     1
     1     4     1
     1     4     1
     1     4     1
     1     4     1
     1     4     1
     1     4     1
     1     4     1
     1     4     1
     1     4     1
     5     4     1
     1     4     1
     1     4     1
     1     4     1
     1     4     1
     1     4     1
     1     4     1
     1     4     1
     1     4     1
     1     4     1
     1     4     1
     1     4     1
     1     4     1
     1     4     1
     1     4     1
     1     4     1
     5     4     1
     1     4     1
     1     4     1
     1     4     1
     1     4     1
     1     4     1
     1     4     1
     1     4     1
     1     4     1
     1     4     1
     1     4     1
     5     4     1
     1     4     1
     1     4     1
     1     4     1
     1     4     1
     1     4     1
     1     4     1
     1     4     1
     1     4     1
     1     4     1
     1     4     1
     1     4     1
     1     4     1
     1     4     1
     1     4     1
     1     4     1
     1     4     1
     1     4     1
     1     4     1
     1     4     1
     1     4     1
     1     4     1
     1     4     1
     5     4     1
     5     4     1
     1     4     1
     1     4     1
     1     4     1
     1     4     1
     1     4     1
     1     4     1
     1     4     1
     1     4     1
     1     4     1
     5     4     1
     1     4     1
     1     4     1
     1     4     1
     1     4     1
     1     4     1
     1     4     1
     1     4     1
     1     4     1
     1     4     1
     1     4     1
     1     4     1
     1     4     1
     1     4     1
     7     5     7
     7     5     7
     7     5     7
     7     5     7
     7     5     7
     7     5     7
     7     5     7
     7     5     7
     7     5     7
     7     5     7
     7     5     7
     7     5     7
     7     5     7
     7     5     7
     7     5     7
     7     5     7
     7     5     7
     7     5     7
     7     5     7
     7     5     7
     7     5     7
     7     5     7
     7     5     7
     7     5     7
     7     5     7
     7     5     7
     7     5     7
     7     5     7
     7     5     7
     7     5     7
     7     5     7
     7     5     7
     7     5     7
     7     5     7
     7     5     7
     7     5     7
     7     5     7
     7     5     7
     7     5     7
     7     5     7
     7     5     7
     7     5     7
     7     5     7
     7     5     7
     7     5     7
     7     5     7
     7     5     7
     7     5     7
     7     5     7
     7     5     7
     7     5     7
     7     5     7
     7     5     7
     7     5     7
     7     5     7
     7     5     7
     7     5     7
     7     5     7
     7     5     7
     7     5     7
     7     5     7
     7     5     7
     7     5     7
     7     5     7
     7     5     7
    27     5     7
     7     5     7
     7     5     7
     7     5     7
     7     5     7
    27     5     7
     7     5     7
     7     5     7
     7     5     7
     7     5     7
     7     5     7
     7     5     7
     7     5     7
     7     5     7
     7     5     7
     7     5     7
     7     5     7
     7     5     7
     7     5     7
     7     5     7
     7     5     7
     7     5     7
     7     5     7
     7     5     7
     7     5     7
     7     5     7
     7     5     7
     7     5     7
     7     5     7
     7     5     7
    27     5     7
     7     5     7
     7     5     7
     7     5     7
     7     5     7
    25     6    25
    25     6    25
    25     6    25
    25     6    25
    25     6    25
    25     6    25
    25     6    25
    25     6    25
    25     6    25
    25     6    25
    24     6    25
    25     6    25
    25     6    25
    25     6    25
    25     6    25
    25     6    25
    25     6    25
    25     6    25
    25     6    25
    25     6    25
    25     6    25
    25     6    25
    25     6    25
    25     6    25
    25     6    25
    25     6    25
    25     6    25
    25     6    25
    25     6    25
    25     6    25
    25     6    25
    25     6    25
    25     6    25
    25     6    25
    25     6    25
    25     6    25
    25     6    25
    25     6    25
    25     6    25
    25     6    25
    25     6    25
    25     6    25
    25     6    25
    25     6    25
    25     6    25
    25     6    25
    25     6    25
    25     6    25
    25     6    25
    25     6    25
    25     6    25
    25     6    25
    25     6    25
    25     6    25
    25     6    25
    25     6    25
    25     6    25
    25     6    25
    25     6    25
    25     6    25
    25     6    25
    25     6    25
    25     6    25
    25     6    25
    25     6    25
    25     6    25
    25     6    25
    25     6    25
    24     6    25
    25     6    25
    25     6    25
    25     6    25
    25     6    25
    25     6    25
    25     6    25
    25     6    25
    25     6    25
    12     6    25
    25     6    25
    25     6    25
    25     6    25
    25     6    25
    25     6    25
    25     6    25
    25     6    25
    25     6    25
    25     6    25
    25     6    25
    25     6    25
    25     6    25
    25     6    25
    25     6    25
    25     6    25
    25     6    25
    25     6    25
    25     6    25
    25     6    25
    25     6    25
    25     6    25
    25     6    25
    30     7    30
    30     7    30
    30     7    30
    30     7    30
    30     7    30
     5     7    30
    30     7    30
    30     7    30
    30     7    30
     5     7    30
    30     7    30
     5     7    30
    30     7    30
    30     7    30
    30     7    30
     5     7    30
    30     7    30
     5     7    30
    30     7    30
    30     7    30
    30     7    30
    30     7    30
    30     7    30
    30     7    30
    30     7    30
    30     7    30
     5     7    30
     5     7    30
    30     7    30
    30     7    30
     5     7    30
    30     7    30
    30     7    30
    30     7    30
    30     7    30
    30     7    30
    30     7    30
    30     7    30
    30     7    30
    30     7    30
    30     7    30
    30     7    30
    30     7    30
     5     7    30
    30     7    30
    30     7    30
    30     7    30
    30     7    30
    30     7    30
    30     7    30
    30     7    30
    30     7    30
    30     7    30
    30     7    30
    30     7    30
    30     7    30
    30     7    30
    30     7    30
    30     7    30
     5     7    30
    30     7    30
    30     7    30
    30     7    30
    30     7    30
    30     7    30
    30     7    30
    30     7    30
    30     7    30
    30     7    30
    30     7    30
    30     7    30
    30     7    30
    30     7    30
    30     7    30
    30     7    30
    30     7    30
    30     7    30
    30     7    30
     5     7    30
     5     7    30
    30     7    30
    30     7    30
    30     7    30
    30     7    30
    30     7    30
    30     7    30
     5     7    30
    30     7    30
    30     7    30
    30     7    30
    30     7    30
    30     7    30
    30     7    30
    30     7    30
    30     7    30
    30     7    30
     5     7    30
    30     7    30
    30     7    30
    30     7    30
    20     8    20
    20     8    20
    20     8    20
    20     8    20
    20     8    20
    20     8    20
    20     8    20
    20     8    20
    20     8    20
    20     8    20
    20     8    20
    20     8    20
    20     8    20
    20     8    20
    20     8    20
    20     8    20
    20     8    20
    26     8    20
    20     8    20
    20     8    20
    20     8    20
    20     8    20
    20     8    20
    26     8    20
    20     8    20
    20     8    20
    20     8    20
    20     8    20
    20     8    20
    20     8    20
    20     8    20
    20     8    20
    20     8    20
    20     8    20
    20     8    20
    23     8    20
    20     8    20
    20     8    20
    20     8    20
    20     8    20
    20     8    20
    20     8    20
    20     8    20
    20     8    20
    20     8    20
    20     8    20
    20     8    20
    20     8    20
    20     8    20
    20     8    20
    20     8    20
    20     8    20
    20     8    20
    20     8    20
    20     8    20
    20     8    20
    20     8    20
    20     8    20
    20     8    20
    20     8    20
    20     8    20
    20     8    20
    20     8    20
    20     8    20
    20     8    20
    20     8    20
    20     8    20
    20     8    20
    20     8    20
    20     8    20
    20     8    20
    20     8    20
    20     8    20
    20     8    20
    20     8    20
    20     8    20
    20     8    20
    20     8    20
    20     8    20
    20     8    20
    20     8    20
    20     8    20
    20     8    20
    20     8    20
    20     8    20
    20     8    20
    20     8    20
    20     8    20
    20     8    20
    20     8    20
    20     8    20
    20     8    20
    26     8    20
    20     8    20
    20     8    20
    20     8    20
    20     8    20
    20     8    20
    20     8    20
    20     8    20
    30     9     2
    30     9     2
    30     9     2
    30     9     2
    30     9     2
    30     9     2
    30     9     2
    30     9     2
    30     9     2
    30     9     2
    30     9     2
    30     9     2
    30     9     2
     3     9     2
     3     9     2
    30     9     2
    30     9     2
    30     9     2
     3     9     2
    30     9     2
    30     9     2
    30     9     2
    30     9     2
    30     9     2
    30     9     2
    30     9     2
    30     9     2
    30     9     2
    30     9     2
    30     9     2
    30     9     2
    30     9     2
     3     9     2
    30     9     2
    30     9     2
    30     9     2
    30     9     2
    30     9     2
    30     9     2
    30     9     2
     3     9     2
    30     9     2
    30     9     2
    30     9     2
    30     9     2
    30     9     2
    30     9     2
    30     9     2
    30     9     2
    30     9     2
    30     9     2
    30     9     2
    30     9     2
    30     9     2
    30     9     2
    30     9     2
     3     9     2
    30     9     2
    30     9     2
    30     9     2
    30     9     2
    30     9     2
    30     9     2
    30     9     2
    30     9     2
    30     9     2
    30     9     2
    30     9     2
    30     9     2
    30     9     2
    30     9     2
    30     9     2
    30     9     2
     3     9     2
    30     9     2
    30     9     2
    30     9     2
    30     9     2
    30     9     2
    30     9     2
    30     9     2
     3     9     2
    30     9     2
    30     9     2
    30     9     2
    30     9     2
    30     9     2
    30     9     2
    30     9     2
    30     9     2
    30     9     2
    30     9     2
    30     9     2
    30     9     2
    30     9     2
    30     9     2
    30     9     2
    30     9     2
    30     9     2
    30     9     2
    28    10     6
    28    10     6
    20    10     6
    26    10     6
    20    10     6
    26    10     6
    26    10     6
    26    10     6
    28    10     6
    28    10     6
    28    10     6
    28    10     6
    26    10     6
    28    10     6
    28    10     6
    26    10     6
    26    10     6
    26    10     6
    28    10     6
    28    10     6
    26    10     6
    28    10     6
    28    10     6
    26    10     6
    26    10     6
    26    10     6
    28    10     6
    28    10     6
    26    10     6
    28    10     6
    28    10     6
    26    10     6
    26    10     6
    28    10     6
    28    10     6
    26    10     6
    28    10     6
    26    10     6
    28    10     6
    28    10     6
    28    10     6
    26    10     6
    28    10     6
    28    10     6
    28    10     6
    28    10     6
    26    10     6
    28    10     6
    28    10     6
    26    10     6
    28    10     6
    26    10     6
    26    10     6
    28    10     6
    26    10     6
    26    10     6
    28    10     6
    26    10     6
    28    10     6
    20    10     6
    26    10     6
    26    10     6
    26    10     6
    28    10     6
    28    10     6
    26    10     6
    26    10     6
    28    10     6
    28    10     6
    26    10     6
    26    10     6
    26    10     6
    28    10     6
    28    10     6
    26    10     6
    28    10     6
    28    10     6
    11    10     6
    28    10     6
    26    10     6
    26    10     6
    26    10     6
    26    10     6
    26    10     6
    26    10     6
    26    10     6
    26    10     6
    20    10     6
    28    10     6
    28    10     6
    28    10     6
    26    10     6
    20    10     6
    28    10     6
    28    10     6
    28    10     6
    28    10     6
    28    10     6
    26    10     6
    28    10     6
    31    11    31
    31    11    31
    31    11    31
    31    11    31
    31    11    31
    31    11    31
    31    11    31
    31    11    31
    31    11    31
    31    11    31
    31    11    31
    31    11    31
    31    11    31
    31    11    31
    31    11    31
    31    11    31
    31    11    31
    31    11    31
    31    11    31
    31    11    31
    31    11    31
    31    11    31
    31    11    31
    14    11    31
    31    11    31
    31    11    31
    31    11    31
    31    11    31
    31    11    31
    31    11    31
    31    11    31
    31    11    31
    31    11    31
    31    11    31
    31    11    31
    31    11    31
    31    11    31
    31    11    31
    31    11    31
    31    11    31
    31    11    31
    31    11    31
    31    11    31
    31    11    31
    31    11    31
    31    11    31
    31    11    31
    31    11    31
    31    11    31
    14    11    31
    31    11    31
    31    11    31
    31    11    31
    31    11    31
    31    11    31
    31    11    31
    31    11    31
    31    11    31
    31    11    31
    31    11    31
    31    11    31
    31    11    31
    31    11    31
    31    11    31
    31    11    31
    14    11    31
    31    11    31
    31    11    31
    31    11    31
    14    11    31
    31    11    31
    31    11    31
    31    11    31
    31    11    31
    31    11    31
    31    11    31
    31    11    31
    31    11    31
    31    11    31
    31    11    31
    31    11    31
    31    11    31
    31    11    31
    31    11    31
    31    11    31
    31    11    31
    31    11    31
    15    11    31
    31    11    31
    31    11    31
    31    11    31
    31    11    31
    14    11    31
    31    11    31
    31    11    31
    14    11    31
    31    11    31
    31    11    31
    31    11    31
    31    11    31
    12    12    12
    12    12    12
    12    12    12
    12    12    12
    12    12    12
    12    12    12
    12    12    12
    12    12    12
    12    12    12
    12    12    12
    12    12    12
    12    12    12
    12    12    12
    12    12    12
    12    12    12
    12    12    12
     8    12    12
    12    12    12
    12    12    12
    12    12    12
    12    12    12
    12    12    12
    12    12    12
    12    12    12
    12    12    12
    12    12    12
    12    12    12
    12    12    12
    12    12    12
    12    12    12
    12    12    12
    12    12    12
    12    12    12
    12    12    12
     8    12    12
    12    12    12
    12    12    12
    12    12    12
    12    12    12
    12    12    12
    12    12    12
    12    12    12
    12    12    12
    12    12    12
    12    12    12
    12    12    12
    12    12    12
    12    12    12
    12    12    12
    12    12    12
    12    12    12
    12    12    12
    12    12    12
    12    12    12
     9    12    12
    12    12    12
    12    12    12
    12    12    12
    12    12    12
    12    12    12
    12    12    12
    12    12    12
    12    12    12
    12    12    12
    12    12    12
    12    12    12
    12    12    12
    12    12    12
    12    12    12
    12    12    12
     8    12    12
    12    12    12
    12    12    12
    12    12    12
     8    12    12
    12    12    12
    12    12    12
    12    12    12
    12    12    12
    12    12    12
    12    12    12
    12    12    12
    12    12    12
    12    12    12
    12    12    12
    12    12    12
    12    12    12
    29    12    12
    12    12    12
    12    12    12
    12    12    12
    12    12    12
    12    12    12
    12    12    12
    12    12    12
    12    12    12
    12    12    12
    12    12    12
    12    12    12
    12    12    12
    21    13    21
    21    13    21
    16    13    21
    21    13    21
    21    13    21
    21    13    21
    21    13    21
    21    13    21
    21    13    21
    16    13    21
    21    13    21
    21    13    21
    21    13    21
    21    13    21
    21    13    21
    21    13    21
    21    13    21
    21    13    21
    21    13    21
    21    13    21
    21    13    21
    21    13    21
    21    13    21
    21    13    21
    21    13    21
    16    13    21
    21    13    21
    21    13    21
    21    13    21
    21    13    21
    21    13    21
    21    13    21
    21    13    21
    21    13    21
    21    13    21
    21    13    21
    21    13    21
    21    13    21
    21    13    21
    21    13    21
    21    13    21
    21    13    21
    21    13    21
    21    13    21
    21    13    21
    21    13    21
    21    13    21
    16    13    21
    21    13    21
    21    13    21
    21    13    21
    21    13    21
    21    13    21
    21    13    21
    21    13    21
    21    13    21
    21    13    21
    21    13    21
    21    13    21
    21    13    21
    21    13    21
    21    13    21
    21    13    21
    21    13    21
    21    13    21
    21    13    21
    21    13    21
    21    13    21
    21    13    21
    21    13    21
    21    13    21
    21    13    21
    21    13    21
    21    13    21
    21    13    21
    21    13    21
    21    13    21
    21    13    21
    21    13    21
    21    13    21
    21    13    21
    21    13    21
    21    13    21
    21    13    21
    21    13    21
    21    13    21
    21    13    21
    21    13    21
    16    13    21
    21    13    21
    21    13    21
    21    13    21
    21    13    21
    21    13    21
    21    13    21
    21    13    21
    21    13    21
    21    13    21
    21    13    21
    21    13    21
    23    14    23
    23    14    23
    23    14    23
    23    14    23
    23    14    23
    23    14    23
    23    14    23
    23    14    23
    23    14    23
    16    14    23
    23    14    23
    23    14    23
    23    14    23
    23    14    23
    23    14    23
    23    14    23
    23    14    23
    23    14    23
    23    14    23
    23    14    23
    23    14    23
    23    14    23
    23    14    23
    23    14    23
    23    14    23
    23    14    23
    23    14    23
    23    14    23
    23    14    23
    23    14    23
    23    14    23
    23    14    23
    23    14    23
    23    14    23
    23    14    23
    23    14    23
    23    14    23
    23    14    23
    16    14    23
    23    14    23
    23    14    23
    23    14    23
    23    14    23
    23    14    23
    23    14    23
    23    14    23
    23    14    23
    23    14    23
    23    14    23
    23    14    23
    23    14    23
    23    14    23
    23    14    23
    23    14    23
    23    14    23
    23    14    23
    23    14    23
    23    14    23
    23    14    23
    23    14    23
    23    14    23
    23    14    23
    23    14    23
    23    14    23
    23    14    23
    23    14    23
    23    14    23
    23    14    23
    23    14    23
    23    14    23
    23    14    23
    23    14    23
    23    14    23
    23    14    23
    23    14    23
    23    14    23
    23    14    23
    23    14    23
    23    14    23
    23    14    23
    23    14    23
    23    14    23
    23    14    23
    23    14    23
    23    14    23
    23    14    23
    23    14    23
    23    14    23
    23    14    23
    23    14    23
    23    14    23
    23    14    23
    23    14    23
    23    14    23
    23    14    23
    23    14    23
    23    14    23
    23    14    23
    23    14    23
    23    14    23
    10    15    10
    10    15    10
    10    15    10
    10    15    10
    10    15    10
    10    15    10
    10    15    10
    10    15    10
    10    15    10
    10    15    10
    10    15    10
    10    15    10
    10    15    10
    10    15    10
    10    15    10
    10    15    10
    10    15    10
    10    15    10
    10    15    10
    10    15    10
    10    15    10
    10    15    10
    10    15    10
    10    15    10
    10    15    10
    10    15    10
    10    15    10
    10    15    10
    10    15    10
    10    15    10
    10    15    10
    10    15    10
    10    15    10
    10    15    10
    10    15    10
    10    15    10
    10    15    10
    10    15    10
    10    15    10
    10    15    10
    10    15    10
    10    15    10
    10    15    10
    10    15    10
    10    15    10
    10    15    10
    10    15    10
    10    15    10
    10    15    10
    10    15    10
    10    15    10
    10    15    10
    10    15    10
    10    15    10
    10    15    10
    10    15    10
    10    15    10
    10    15    10
    10    15    10
    10    15    10
    10    15    10
    10    15    10
    10    15    10
    10    15    10
    10    15    10
    10    15    10
    10    15    10
    10    15    10
    10    15    10
    10    15    10
    10    15    10
    10    15    10
    10    15    10
    10    15    10
    10    15    10
    10    15    10
    10    15    10
    10    15    10
    10    15    10
    10    15    10
    10    15    10
    10    15    10
    10    15    10
    10    15    10
    10    15    10
    10    15    10
    10    15    10
    10    15    10
    10    15    10
    10    15    10
    10    15    10
    10    15    10
    10    15    10
    10    15    10
    10    15    10
    10    15    10
    10    15    10
    10    15    10
    10    15    10
    10    15    10
    22    16    22
    22    16    22
    22    16    22
    22    16    22
    22    16    22
    22    16    22
    22    16    22
    22    16    22
    22    16    22
    22    16    22
    22    16    22
    22    16    22
    22    16    22
    22    16    22
    22    16    22
    22    16    22
    22    16    22
    22    16    22
    22    16    22
    22    16    22
    22    16    22
    22    16    22
    22    16    22
    22    16    22
    22    16    22
    22    16    22
    22    16    22
    22    16    22
    22    16    22
    22    16    22
    22    16    22
    22    16    22
    22    16    22
    22    16    22
    22    16    22
    22    16    22
    22    16    22
    22    16    22
    22    16    22
    22    16    22
    22    16    22
    22    16    22
    22    16    22
    22    16    22
    22    16    22
    22    16    22
    22    16    22
    22    16    22
    22    16    22
    22    16    22
    22    16    22
    22    16    22
    22    16    22
    22    16    22
    22    16    22
    22    16    22
    22    16    22
    22    16    22
    22    16    22
    22    16    22
    22    16    22
    22    16    22
    22    16    22
    22    16    22
    22    16    22
    22    16    22
    22    16    22
    22    16    22
    22    16    22
    22    16    22
    22    16    22
     4    16    22
    22    16    22
    22    16    22
    22    16    22
    22    16    22
    22    16    22
    22    16    22
    22    16    22
    22    16    22
    22    16    22
    22    16    22
    22    16    22
    22    16    22
    22    16    22
    22    16    22
    22    16    22
    22    16    22
    22    16    22
    22    16    22
    22    16    22
    22    16    22
    22    16    22
    22    16    22
    22    16    22
    22    16    22
    22    16    22
    22    16    22
    22    16    22
    22    16    22
     4    17     4
     4    17     4
     4    17     4
     4    17     4
     4    17     4
     4    17     4
     4    17     4
     4    17     4
     4    17     4
     4    17     4
     4    17     4
     4    17     4
     4    17     4
     4    17     4
     4    17     4
     4    17     4
     4    17     4
     4    17     4
     4    17     4
     4    17     4
     4    17     4
     4    17     4
     4    17     4
     4    17     4
     4    17     4
     4    17     4
     4    17     4
     4    17     4
     4    17     4
     4    17     4
     4    17     4
     4    17     4
     4    17     4
     4    17     4
     4    17     4
     4    17     4
     4    17     4
     4    17     4
     4    17     4
     4    17     4
     4    17     4
     4    17     4
     4    17     4
     4    17     4
     4    17     4
     4    17     4
     4    17     4
     4    17     4
     4    17     4
     4    17     4
     4    17     4
     4    17     4
     4    17     4
     4    17     4
     4    17     4
     4    17     4
     4    17     4
     4    17     4
     4    17     4
     4    17     4
     4    17     4
     4    17     4
     4    17     4
     4    17     4
     4    17     4
     4    17     4
     4    17     4
     4    17     4
     4    17     4
     4    17     4
     4    17     4
     4    17     4
     4    17     4
     4    17     4
     4    17     4
     4    17     4
     4    17     4
     4    17     4
     4    17     4
     4    17     4
     4    17     4
     4    17     4
     4    17     4
     4    17     4
     4    17     4
     4    17     4
     4    17     4
     4    17     4
     4    17     4
     4    17     4
     4    17     4
     4    17     4
     4    17     4
     4    17     4
     4    17     4
     4    17     4
     4    17     4
     4    17     4
     4    17     4
     4    17     4
     8    18     8
     8    18     8
     8    18     8
     8    18     8
     8    18     8
     8    18     8
     8    18     8
     8    18     8
     8    18     8
     8    18     8
     8    18     8
     8    18     8
     8    18     8
     8    18     8
     8    18     8
     8    18     8
     8    18     8
     8    18     8
     8    18     8
     8    18     8
     8    18     8
     8    18     8
     8    18     8
     8    18     8
     8    18     8
     8    18     8
     8    18     8
     8    18     8
     8    18     8
     8    18     8
     8    18     8
     8    18     8
     8    18     8
     8    18     8
     8    18     8
     8    18     8
     8    18     8
     8    18     8
     8    18     8
     8    18     8
     8    18     8
     8    18     8
     8    18     8
     8    18     8
     8    18     8
     8    18     8
    12    18     8
    12    18     8
     8    18     8
     8    18     8
     8    18     8
     8    18     8
     8    18     8
     8    18     8
    12    18     8
     8    18     8
     8    18     8
     8    18     8
     8    18     8
     8    18     8
     8    18     8
     8    18     8
     8    18     8
     8    18     8
     8    18     8
     8    18     8
     8    18     8
     8    18     8
     8    18     8
     8    18     8
     8    18     8
    12    18     8
    12    18     8
     8    18     8
     8    18     8
     8    18     8
     8    18     8
     8    18     8
     8    18     8
     8    18     8
     8    18     8
     8    18     8
     8    18     8
     8    18     8
     8    18     8
     8    18     8
     8    18     8
     8    18     8
     8    18     8
     8    18     8
     8    18     8
     8    18     8
     8    18     8
     8    18     8
     8    18     8
     8    18     8
     8    18     8
     8    18     8
     8    18     8
     8    18     8
    18    19    18
    18    19    18
    18    19    18
    18    19    18
    18    19    18
    18    19    18
    18    19    18
    18    19    18
    18    19    18
    18    19    18
    18    19    18
    18    19    18
    18    19    18
    18    19    18
    18    19    18
    18    19    18
    18    19    18
    18    19    18
    18    19    18
    18    19    18
    18    19    18
    18    19    18
    18    19    18
    18    19    18
    18    19    18
    18    19    18
    18    19    18
    18    19    18
    18    19    18
    18    19    18
    18    19    18
    18    19    18
    18    19    18
    18    19    18
    18    19    18
    18    19    18
    18    19    18
    18    19    18
    18    19    18
    18    19    18
    18    19    18
    18    19    18
    18    19    18
    18    19    18
    18    19    18
    18    19    18
    18    19    18
    18    19    18
    18    19    18
    18    19    18
    18    19    18
    18    19    18
    18    19    18
    18    19    18
    18    19    18
    18    19    18
    18    19    18
    18    19    18
    18    19    18
    18    19    18
    18    19    18
    18    19    18
    18    19    18
    18    19    18
    18    19    18
    19    19    18
    18    19    18
    18    19    18
    18    19    18
    18    19    18
    18    19    18
    18    19    18
    18    19    18
    18    19    18
    19    19    18
    18    19    18
    18    19    18
    18    19    18
    18    19    18
    18    19    18
    18    19    18
    18    19    18
    18    19    18
    18    19    18
    18    19    18
    18    19    18
    18    19    18
    18    19    18
    18    19    18
    18    19    18
    18    19    18
    18    19    18
    18    19    18
    18    19    18
    18    19    18
    18    19    18
    18    19    18
    18    19    18
    18    19    18
    18    19    18
    17    20    17
    17    20    17
    17    20    17
    17    20    17
    17    20    17
    17    20    17
    17    20    17
    17    20    17
    17    20    17
    17    20    17
    17    20    17
    17    20    17
    17    20    17
    17    20    17
    17    20    17
    17    20    17
    17    20    17
    17    20    17
    17    20    17
    17    20    17
    17    20    17
    17    20    17
    17    20    17
    17    20    17
    17    20    17
    17    20    17
    17    20    17
    17    20    17
    17    20    17
    17    20    17
    17    20    17
    17    20    17
    17    20    17
    17    20    17
    17    20    17
    17    20    17
    17    20    17
    17    20    17
    17    20    17
    17    20    17
    17    20    17
    17    20    17
    17    20    17
    17    20    17
    17    20    17
    17    20    17
    17    20    17
    17    20    17
    17    20    17
    17    20    17
    17    20    17
    17    20    17
    17    20    17
    17    20    17
    17    20    17
    17    20    17
    17    20    17
    17    20    17
    17    20    17
    17    20    17
    17    20    17
    17    20    17
    17    20    17
    17    20    17
    17    20    17
    17    20    17
    17    20    17
    17    20    17
    17    20    17
    17    20    17
    17    20    17
    17    20    17
    17    20    17
    17    20    17
    17    20    17
    17    20    17
    17    20    17
    17    20    17
    17    20    17
    17    20    17
    17    20    17
    17    20    17
    17    20    17
    17    20    17
    17    20    17
    17    20    17
    17    20    17
    17    20    17
    17    20    17
    17    20    17
    17    20    17
    17    20    17
    17    20    17
    17    20    17
    17    20    17
    17    20    17
    17    20    17
    17    20    17
    17    20    17
    17    20    17
    28    21    28
    11    21    28
    28    21    28
    28    21    28
    28    21    28
    28    21    28
    28    21    28
    28    21    28
     7    21    28
    28    21    28
    28    21    28
    28    21    28
    28    21    28
     7    21    28
    28    21    28
    28    21    28
    28    21    28
    28    21    28
    28    21    28
    28    21    28
    28    21    28
    28    21    28
    28    21    28
    28    21    28
    28    21    28
    28    21    28
    28    21    28
    28    21    28
    28    21    28
    28    21    28
    28    21    28
    28    21    28
    28    21    28
    28    21    28
    28    21    28
    28    21    28
    28    21    28
    28    21    28
    28    21    28
    28    21    28
    28    21    28
    28    21    28
    28    21    28
     7    21    28
    28    21    28
    28    21    28
    28    21    28
    28    21    28
    28    21    28
    28    21    28
    28    21    28
    28    21    28
    28    21    28
    28    21    28
    28    21    28
     7    21    28
     7    21    28
    28    21    28
    28    21    28
    28    21    28
    28    21    28
    28    21    28
    28    21    28
    28    21    28
     7    21    28
    28    21    28
    28    21    28
    28    21    28
    28    21    28
    28    21    28
     7    21    28
    28    21    28
    28    21    28
    28    21    28
     7    21    28
    28    21    28
    28    21    28
    28    21    28
    28    21    28
    28    21    28
    28    21    28
    28    21    28
    11    21    28
    28    21    28
    28    21    28
    28    21    28
    28    21    28
    28    21    28
    28    21    28
    28    21    28
    28    21    28
    28    21    28
    28    21    28
    28    21    28
    28    21    28
    28    21    28
    28    21    28
    28    21    28
    28    21    28
    28    21    28
     3    22     3
     3    22     3
     3    22     3
     3    22     3
     3    22     3
     3    22     3
     3    22     3
     3    22     3
     3    22     3
     3    22     3
     3    22     3
     3    22     3
     3    22     3
     3    22     3
     3    22     3
     3    22     3
     3    22     3
     3    22     3
     3    22     3
     3    22     3
     3    22     3
     3    22     3
     3    22     3
     3    22     3
     3    22     3
     3    22     3
     3    22     3
     3    22     3
     3    22     3
     3    22     3
     3    22     3
     3    22     3
     3    22     3
     3    22     3
     3    22     3
     3    22     3
     3    22     3
     3    22     3
     3    22     3
     3    22     3
     3    22     3
     3    22     3
     3    22     3
     3    22     3
     3    22     3
     3    22     3
     3    22     3
     3    22     3
    30    22     3
     3    22     3
     3    22     3
     3    22     3
     3    22     3
     3    22     3
     3    22     3
     3    22     3
     3    22     3
     3    22     3
     3    22     3
     3    22     3
     3    22     3
     3    22     3
     3    22     3
     3    22     3
     3    22     3
     3    22     3
     3    22     3
     3    22     3
     3    22     3
     3    22     3
     3    22     3
     3    22     3
     3    22     3
     3    22     3
     3    22     3
     3    22     3
     3    22     3
     3    22     3
     3    22     3
     3    22     3
     3    22     3
     3    22     3
     3    22     3
     3    22     3
     3    22     3
     3    22     3
     3    22     3
     3    22     3
     3    22     3
     3    22     3
     3    22     3
     3    22     3
     3    22     3
     3    22     3
     3    22     3
     3    22     3
     3    22     3
     3    22     3
     3    22     3
     3    22     3
     5    23     5
     5    23     5
     5    23     5
     5    23     5
     5    23     5
     5    23     5
     5    23     5
     5    23     5
     5    23     5
     5    23     5
     5    23     5
     5    23     5
     5    23     5
     5    23     5
     5    23     5
     5    23     5
     5    23     5
     5    23     5
     5    23     5
     5    23     5
     5    23     5
     5    23     5
     5    23     5
     5    23     5
     5    23     5
     5    23     5
     5    23     5
     5    23     5
     5    23     5
     5    23     5
     5    23     5
     5    23     5
     5    23     5
     5    23     5
     5    23     5
     5    23     5
     5    23     5
     5    23     5
     5    23     5
     5    23     5
     5    23     5
     5    23     5
     5    23     5
     5    23     5
     5    23     5
     5    23     5
     5    23     5
     5    23     5
     5    23     5
     5    23     5
     5    23     5
     5    23     5
     5    23     5
     5    23     5
     5    23     5
     5    23     5
     5    23     5
     5    23     5
     5    23     5
     5    23     5
     5    23     5
     5    23     5
     5    23     5
     5    23     5
     5    23     5
     5    23     5
     5    23     5
     5    23     5
     5    23     5
     5    23     5
     5    23     5
     5    23     5
     5    23     5
     5    23     5
     5    23     5
     5    23     5
     5    23     5
     5    23     5
     5    23     5
     5    23     5
     1    23     5
     5    23     5
     5    23     5
     5    23     5
     5    23     5
     5    23     5
     5    23     5
     5    23     5
     5    23     5
     1    23     5
     5    23     5
     5    23     5
     5    23     5
     5    23     5
     5    23     5
     5    23     5
     5    23     5
     5    23     5
     5    23     5
     5    23     5
     1    24    24
     1    24    24
     1    24    24
     1    24    24
     1    24    24
     1    24    24
     1    24    24
     1    24    24
     1    24    24
     1    24    24
     1    24    24
     1    24    24
     1    24    24
     1    24    24
     1    24    24
     1    24    24
     1    24    24
     1    24    24
     1    24    24
     1    24    24
     1    24    24
     1    24    24
     1    24    24
     1    24    24
     1    24    24
     1    24    24
     1    24    24
     1    24    24
     1    24    24
     1    24    24
     1    24    24
     1    24    24
     1    24    24
     1    24    24
     1    24    24
     8    24    24
     8    24    24
     1    24    24
     1    24    24
     1    24    24
     1    24    24
     1    24    24
     1    24    24
     1    24    24
     1    24    24
     1    24    24
     1    24    24
     1    24    24
     8    24    24
     1    24    24
     1    24    24
     1    24    24
     1    24    24
     1    24    24
     1    24    24
     1    24    24
     1    24    24
     1    24    24
     1    24    24
     1    24    24
     1    24    24
     1    24    24
     1    24    24
     1    24    24
     1    24    24
     1    24    24
     1    24    24
     1    24    24
     1    24    24
     1    24    24
     1    24    24
     1    24    24
     1    24    24
     1    24    24
     1    24    24
     1    24    24
     1    24    24
     1    24    24
     1    24    24
     1    24    24
     1    24    24
     1    24    24
     1    24    24
     1    24    24
     1    24    24
     1    24    24
     8    24    24
     1    24    24
     1    24    24
     1    24    24
     1    24    24
     1    24    24
     1    24    24
     1    24    24
     1    24    24
     1    24    24
     1    24    24
     1    24    24
     1    24    24
     1    24    24
     6    25    14
    14    25    14
    14    25    14
    14    25    14
    14    25    14
    14    25    14
     6    25    14
    14    25    14
    14    25    14
     6    25    14
    14    25    14
     6    25    14
     6    25    14
     6    25    14
     6    25    14
    14    25    14
    14    25    14
     6    25    14
    14    25    14
    14    25    14
    14    25    14
    14    25    14
    14    25    14
     6    25    14
     6    25    14
    14    25    14
    14    25    14
    14    25    14
     6    25    14
    14    25    14
     6    25    14
     6    25    14
     6    25    14
    14    25    14
     6    25    14
     6    25    14
    14    25    14
     6    25    14
     6    25    14
     6    25    14
    14    25    14
     6    25    14
     6    25    14
     6    25    14
    14    25    14
     6    25    14
     6    25    14
    14    25    14
    14    25    14
    14    25    14
     6    25    14
     6    25    14
    14    25    14
     6    25    14
    14    25    14
    14    25    14
    14    25    14
     6    25    14
     6    25    14
     6    25    14
     6    25    14
    14    25    14
     6    25    14
    14    25    14
    14    25    14
    14    25    14
     6    25    14
     6    25    14
     6    25    14
     6    25    14
     6    25    14
     6    25    14
    14    25    14
    14    25    14
     6    25    14
    14    25    14
    14    25    14
     6    25    14
    31    25    14
    14    25    14
     6    25    14
    14    25    14
     6    25    14
     6    25    14
    14    25    14
     6    25    14
    15    25    14
    14    25    14
    14    25    14
     6    25    14
     6    25    14
    14    25    14
     6    25    14
     6    25    14
    14    25    14
    14    25    14
    14    25    14
    14    25    14
     6    25    14
    14    25    14
    29    26    29
    29    26    29
    29    26    29
    12    26    29
    29    26    29
    29    26    29
    29    26    29
    29    26    29
    29    26    29
    29    26    29
    29    26    29
    29    26    29
    29    26    29
    29    26    29
    29    26    29
    29    26    29
    29    26    29
    29    26    29
    29    26    29
    29    26    29
    29    26    29
    29    26    29
    29    26    29
    29    26    29
    29    26    29
    29    26    29
    29    26    29
    29    26    29
    29    26    29
    29    26    29
    29    26    29
    29    26    29
    29    26    29
    29    26    29
    29    26    29
    29    26    29
    29    26    29
    29    26    29
    29    26    29
    10    26    29
    29    26    29
    29    26    29
    29    26    29
    29    26    29
    29    26    29
    29    26    29
    29    26    29
    29    26    29
    29    26    29
    29    26    29
    29    26    29
    29    26    29
    29    26    29
    29    26    29
    29    26    29
    29    26    29
    29    26    29
    29    26    29
    29    26    29
    29    26    29
    29    26    29
    29    26    29
    29    26    29
    29    26    29
    29    26    29
    29    26    29
    29    26    29
    29    26    29
    29    26    29
    29    26    29
    29    26    29
    29    26    29
    29    26    29
    29    26    29
    29    26    29
    29    26    29
    29    26    29
    29    26    29
    29    26    29
    29    26    29
    29    26    29
    29    26    29
    29    26    29
    29    26    29
    29    26    29
    29    26    29
    29    26    29
    29    26    29
    29    26    29
    29    26    29
    29    26    29
    29    26    29
    29    26    29
    29    26    29
    29    26    29
    29    26    29
    29    26    29
    29    26    29
    29    26    29
    29    26    29
     9    27     9
     9    27     9
     9    27     9
     9    27     9
     9    27     9
     9    27     9
     9    27     9
     9    27     9
     9    27     9
     9    27     9
     9    27     9
     9    27     9
     9    27     9
     9    27     9
     9    27     9
     9    27     9
     9    27     9
     9    27     9
     9    27     9
     9    27     9
     9    27     9
     9    27     9
     9    27     9
     9    27     9
     9    27     9
     9    27     9
     9    27     9
     9    27     9
     9    27     9
     9    27     9
     9    27     9
     9    27     9
     9    27     9
     9    27     9
     9    27     9
     9    27     9
     9    27     9
     9    27     9
     9    27     9
     9    27     9
     9    27     9
     9    27     9
     9    27     9
     9    27     9
     9    27     9
    31    27     9
     9    27     9
     9    27     9
     9    27     9
     9    27     9
     9    27     9
     9    27     9
     9    27     9
     9    27     9
     9    27     9
     9    27     9
     9    27     9
     9    27     9
     9    27     9
     9    27     9
     9    27     9
     9    27     9
     9    27     9
     9    27     9
     9    27     9
     9    27     9
     9    27     9
     9    27     9
     9    27     9
     9    27     9
     9    27     9
     9    27     9
     9    27     9
     9    27     9
     9    27     9
     9    27     9
     9    27     9
     9    27     9
     9    27     9
     9    27     9
     9    27     9
     9    27     9
     9    27     9
     9    27     9
     9    27     9
     9    27     9
     9    27     9
     9    27     9
     9    27     9
     9    27     9
     9    27     9
     9    27     9
     9    27     9
     9    27     9
     9    27     9
     9    27     9
     9    27     9
     9    27     9
     9    27     9
     9    27     9
    11    28    11
    11    28    11
    11    28    11
    11    28    11
    11    28    11
    11    28    11
    11    28    11
    11    28    11
    11    28    11
    11    28    11
    11    28    11
    11    28    11
    11    28    11
    11    28    11
    11    28    11
    11    28    11
    28    28    11
    11    28    11
    11    28    11
    11    28    11
    11    28    11
    11    28    11
    11    28    11
    11    28    11
    11    28    11
    11    28    11
    11    28    11
    11    28    11
    11    28    11
    11    28    11
    11    28    11
    11    28    11
    11    28    11
    11    28    11
    11    28    11
    11    28    11
    11    28    11
    11    28    11
    11    28    11
    11    28    11
    11    28    11
    11    28    11
    11    28    11
    11    28    11
    11    28    11
    11    28    11
    11    28    11
    11    28    11
    11    28    11
    11    28    11
    11    28    11
    11    28    11
    11    28    11
    11    28    11
    11    28    11
    11    28    11
    11    28    11
    28    28    11
    11    28    11
    11    28    11
    11    28    11
    11    28    11
    11    28    11
    11    28    11
    11    28    11
    11    28    11
    11    28    11
    11    28    11
    11    28    11
    11    28    11
    11    28    11
    11    28    11
    11    28    11
    11    28    11
    11    28    11
    11    28    11
    11    28    11
    11    28    11
    11    28    11
    11    28    11
    11    28    11
    11    28    11
    11    28    11
    11    28    11
    11    28    11
    11    28    11
    11    28    11
    11    28    11
    11    28    11
    11    28    11
    11    28    11
    28    28    11
    28    28    11
    11    28    11
    11    28    11
    11    28    11
    11    28    11
    11    28    11
    11    28    11
    11    28    11
    26    29    26
    26    29    26
    26    29    26
    26    29    26
    26    29    26
    26    29    26
    26    29    26
    26    29    26
    26    29    26
    26    29    26
    26    29    26
    26    29    26
    26    29    26
    26    29    26
    26    29    26
    26    29    26
    26    29    26
    26    29    26
    26    29    26
    26    29    26
    26    29    26
    26    29    26
    26    29    26
    26    29    26
    26    29    26
    26    29    26
    26    29    26
    26    29    26
    26    29    26
    26    29    26
    26    29    26
    26    29    26
    26    29    26
    26    29    26
    26    29    26
    26    29    26
    26    29    26
    26    29    26
    26    29    26
    26    29    26
    26    29    26
    26    29    26
    26    29    26
    26    29    26
    26    29    26
    26    29    26
    26    29    26
    26    29    26
    26    29    26
    26    29    26
    26    29    26
    26    29    26
    26    29    26
    26    29    26
    26    29    26
    26    29    26
    26    29    26
    26    29    26
    26    29    26
    26    29    26
    26    29    26
    26    29    26
    26    29    26
    26    29    26
    26    29    26
    26    29    26
    26    29    26
    26    29    26
    26    29    26
    26    29    26
    26    29    26
    26    29    26
    26    29    26
    26    29    26
    26    29    26
    26    29    26
    26    29    26
    26    29    26
    26    29    26
    26    29    26
    26    29    26
    26    29    26
    26    29    26
    26    29    26
    26    29    26
    26    29    26
    26    29    26
    26    29    26
    26    29    26
    26    29    26
    26    29    26
    26    29    26
    26    29    26
    26    29    26
    26    29    26
    26    29    26
    26    29    26
    26    29    26
    26    29    26
    26    29    26
    13    30    13
    13    30    13
    13    30    13
    13    30    13
    13    30    13
    13    30    13
    13    30    13
    13    30    13
    13    30    13
    13    30    13
    13    30    13
    13    30    13
    13    30    13
    13    30    13
    13    30    13
    13    30    13
    13    30    13
    13    30    13
    13    30    13
    13    30    13
    13    30    13
    13    30    13
    13    30    13
    13    30    13
    13    30    13
    13    30    13
    13    30    13
    13    30    13
    13    30    13
    13    30    13
    13    30    13
    13    30    13
    13    30    13
    13    30    13
    13    30    13
    13    30    13
    13    30    13
    13    30    13
    13    30    13
    13    30    13
    13    30    13
    13    30    13
    13    30    13
    13    30    13
    13    30    13
    13    30    13
    13    30    13
    13    30    13
    13    30    13
    13    30    13
    13    30    13
    13    30    13
    13    30    13
    13    30    13
    13    30    13
    13    30    13
    13    30    13
    13    30    13
    13    30    13
    13    30    13
    13    30    13
    13    30    13
    13    30    13
    13    30    13
     2    30    13
    13    30    13
    13    30    13
    13    30    13
    13    30    13
    13    30    13
    13    30    13
    13    30    13
    13    30    13
    13    30    13
    13    30    13
    13    30    13
    13    30    13
    13    30    13
    13    30    13
    13    30    13
    13    30    13
    13    30    13
    13    30    13
    13    30    13
    13    30    13
    13    30    13
    13    30    13
    13    30    13
    13    30    13
    13    30    13
    13    30    13
    13    30    13
    13    30    13
    13    30    13
    13    30    13
    13    30    13
    13    30    13
    13    30    13
    13    30    13
    13    30    13
    27    31    27
    27    31    27
    27    31    27
    27    31    27
    27    31    27
    27    31    27
    27    31    27
    27    31    27
    27    31    27
    27    31    27
    27    31    27
    27    31    27
    27    31    27
    27    31    27
    27    31    27
    27    31    27
    27    31    27
    27    31    27
    27    31    27
    27    31    27
    27    31    27
    27    31    27
    27    31    27
    27    31    27
    27    31    27
    27    31    27
    27    31    27
    27    31    27
    27    31    27
    27    31    27
    27    31    27
    27    31    27
    27    31    27
    27    31    27
    27    31    27
    27    31    27
    27    31    27
    27    31    27
    27    31    27
    27    31    27
    27    31    27
    27    31    27
    27    31    27
    27    31    27
    27    31    27
    27    31    27
    27    31    27
    27    31    27
    27    31    27
    27    31    27
    27    31    27
    27    31    27
    27    31    27
    27    31    27
    27    31    27
    27    31    27
    27    31    27
    27    31    27
    27    31    27
    27    31    27
    27    31    27
    27    31    27
    27    31    27
    27    31    27
    27    31    27
    27    31    27
    27    31    27
    27    31    27
    27    31    27
    27    31    27
    27    31    27
    27    31    27
    27    31    27
    27    31    27
    27    31    27
    27    31    27
    27    31    27
    27    31    27
    27    31    27
    27    31    27
    27    31    27
    27    31    27
    27    31    27
    27    31    27
    27    31    27
    27    31    27
    27    31    27
    27    31    27
    27    31    27
    27    31    27
    27    31    27
    27    31    27
    27    31    27
    27    31    27
    27    31    27
    27    31    27
    27    31    27
    27    31    27
    27    31    27
    27    31    27