   17.0000   14.6000
   15.9500   16.4500
   23.3000    4.9000
   27.6000    5.2000
   24.9000    4.7500
   29.1500    4.4000
   32.3500    6.1000
   35.0500    8.0000
   37.3500   11.4000
   16.9500   12.3500
   17.6000   10.1500
   19.3500    8.2000
   20.9000    6.6000
   24.5000   14.7000
   23.9500   17.7500
   22.0500   20.2500
   20.1000   21.6000
   18.0000   22.3000
   15.1500   23.2000
   14.4000   22.6500
   17.2000   23.1000
   11.2000   22.8000
    9.2000   21.1000
    5.8500   20.5500
    4.0500   18.7500
   13.800    21.7500
   26.8000   3.85000
