58 61 47 13 50 0 48 22
43 67 48 27 50 0 53 22
64 62 49 15 50 0 53 22
58 44 57 13 50 0 54 22
42 44 48 54 50 0 48 22
51 40 56 17 50 50 49 22
50 54 48 65 50 0 53 22
48 45 59 20 50 0 58 34
55 50 66 36 50 0 49 22
40 39 60 15 50 0 58 30
43 39 54 21 50 0 53 27
42 37 59 20 50 0 52 29
40 42 57 35 50 0 53 25
60 40 52 46 50 0 53 22
66 55 45 19 50 0 46 22
46 44 52 11 50 0 50 22
47 39 50 11 50 0 49 40
58 47 54 11 50 0 51 26
50 34 55 21 50 0 49 22
61 60 55 21 50 0 50 25
45 40 50 16 50 0 50 22
43 44 48 22 50 0 51 22
73 63 42 30 50 0 49 22
43 53 52 13 50 0 55 22
46 53 52 15 50 0 58 22
51 51 52 51 50 0 54 22
59 45 53 19 50 0 59 27
57 47 60 18 50 0 51 22
63 67 57 24 50 0 49 22
80 88 36 39 50 0 56 33
53 54 43 10 50 0 57 32
51 51 43 87 50 0 52 22
38 61 61 12 50 0 53 47
33 55 51 43 50 0 51 22
78 74 42 26 50 0 43 22
74 67 47 34 50 0 42 22
72 61 45 30 50 0 54 25
40 45 57 18 50 0 56 26
59 53 43 44 50 0 50 22
57 53 53 34 50 0 53 22
86 68 39 24 50 0 54 22
86 74 51 40 50 0 55 22
79 57 41 28 50 0 59 22
41 54 39 20 50 0 51 22
37 36 56 18 50 0 48 26
53 31 58 39 50 0 47 37
74 75 58 47 50 0 40 35
49 39 52 29 50 0 48 22
74 57 51 28 50 0 58 22
42 24 34 16 50 0 50 22
48 39 51 21 50 0 52 28
41 53 45 14 50 0 52 66
45 46 55 43 50 0 55 38
56 48 58 27 50 0 51 22
64 59 56 23 50 0 46 22
64 56 56 22 50 0 45 22
66 62 49 10 50 0 49 22
53 44 51 33 50 0 55 22
38 49 53 19 50 0 50 22
45 58 48 67 50 0 52 22
43 35 52 52 50 0 54 22
37 32 47 18 50 0 45 25
48 43 51 32 50 0 52 43
41 46 59 19 50 0 58 27
54 48 44 8 50 0 52 27
60 47 45 22 50 0 51 29
34 46 57 9 50 0 55 22
48 54 55 12 50 0 51 22
47 39 59 15 50 0 57 22
81 85 47 37 50 0 56 22
48 42 52 24 50 0 56 22
58 51 49 27 50 0 57 29
60 50 44 61 50 0 47 22
45 55 54 66 50 0 47 22
46 49 58 23 50 0 44 22
49 42 56 55 50 0 42 25
63 53 54 40 50 0 50 22
50 54 53 54 50 0 51 27
63 57 59 40 50 0 38 22
43 57 51 49 50 0 48 22
48 45 55 50 50 0 53 22
50 58 46 46 50 0 46 22
51 54 60 57 50 0 58 22
54 52 63 37 50 0 46 22
67 62 40 43 50 83 50 22
28 58 21 13 50 0 51 22
39 44 35 16 50 0 55 22
80 63 45 29 50 0 51 22
50 52 59 30 50 0 51 35
42 47 52 41 50 0 53 32
36 46 62 46 50 0 51 33
46 38 47 22 50 0 52 27
40 45 56 20 50 0 45 22
33 43 64 16 50 0 52 52
49 61 49 25 50 0 50 28
38 50 37 26 50 0 43 22
69 70 52 36 50 0 46 22
61 72 39 33 50 0 58 22
78 75 40 28 50 0 53 22
64 57 57 27 50 0 37 22
36 58 35 24 50 0 44 22
36 43 39 12 50 0 49 22
47 52 50 40 50 0 41 22
48 23 57 27 50 0 48 47
47 39 55 24 50 0 47 22
44 59 36 16 50 0 52 22
42 35 54 18 50 0 56 22
30 56 55 18 50 0 50 22
65 65 52 16 50 0 60 22
27 60 48 23 50 0 55 22
45 41 50 46 50 50 50 27
44 52 41 23 50 0 51 22
30 32 57 19 50 0 48 55
40 44 49 47 50 0 49 27
45 51 50 16 50 0 52 100
45 45 50 60 50 0 49 22
59 67 56 41 50 0 47 22
47 47 57 48 50 0 48 22
35 52 48 22 50 0 26 22
47 41 66 26 50 0 53 22
64 62 29 28 50 0 51 22
55 53 55 46 50 0 52 22
67 62 54 43 50 0 53 22
59 60 49 43 50 0 53 31
54 55 34 31 50 0 54 22
58 62 54 17 50 0 48 22
40 38 53 16 50 0 52 27
46 71 48 53 50 0 53 22
53 51 55 5 50 0 45 25
41 40 59 47 50 0 48 43
50 64 57 15 50 0 47 22
40 62 52 31 50 0 49 31
60 50 57 25 50 0 41 26
62 51 52 42 50 0 54 27
35 58 54 16 50 0 51 22
34 54 50 21 50 0 54 31
39 58 50 26 50 0 54 59
48 54 50 17 50 0 53 22
29 32 58 15 50 0 50 30
47 32 64 30 50 0 63 22
39 47 56 16 50 0 47 22
58 48 51 47 50 0 55 22
64 60 57 19 50 0 43 22
37 46 40 27 50 0 45 22
43 57 53 16 50 0 54 22
28 37 61 9 50 0 52 55
59 48 50 14 50 0 45 25
39 55 48 31 50 0 54 29
26 36 47 34 50 0 53 72
51 34 50 19 50 0 50 22
58 50 50 12 50 0 48 25
44 39 53 14 50 0 54 44
41 39 44 34 50 0 48 40
45 43 51 24 50 0 54 33
36 68 46 16 50 0 53 28
42 31 50 15 50 0 53 22
42 43 56 10 50 0 49 22
67 71 52 65 50 0 53 36
49 47 53 16 50 0 48 27
71 59 48 43 50 0 59 22
40 42 71 21 50 0 54 32
40 42 71 21 50 0 54 32
54 49 49 20 50 0 52 22
42 51 50 12 50 0 52 46
57 51 53 18 50 0 56 25
35 45 43 11 50 0 56 22
42 42 42 20 50 0 49 22
26 50 33 28 50 0 51 22
39 42 38 40 50 0 49 47
26 44 30 11 50 0 51 47
31 44 53 23 50 0 51 32
48 61 44 20 50 0 47 22
66 45 50 23 50 0 49 22
21 41 55 11 50 0 50 27
38 68 44 45 50 0 53 22
44 38 48 32 50 83 53 22
31 31 56 33 50 0 52 33
49 31 49 35 50 0 51 29
38 37 56 21 50 0 49 22
39 40 53 67 50 0 47 22
24 34 69 18 50 0 52 22
49 43 51 13 50 0 47 22
54 38 52 18 50 0 48 22
43 57 53 53 50 0 53 25
48 64 61 23 50 0 60 22
31 55 52 17 50 0 52 22
32 57 50 15 50 0 53 22
32 42 52 24 50 0 60 22
59 50 52 28 50 0 55 25
37 42 51 11 50 0 57 22
75 70 38 27 50 0 49 22
61 72 31 33 50 0 56 22
44 42 60 21 50 0 57 22
52 51 51 54 50 0 55 27
63 56 45 58 50 0 51 22
52 56 54 53 50 0 45 22
58 58 58 49 50 0 49 26
72 62 34 29 50 0 56 28
72 61 37 30 50 0 57 22
46 43 38 33 50 0 48 28
57 57 44 37 50 0 52 25
42 31 62 12 50 0 40 22
49 46 45 45 50 0 52 22
42 58 41 65 50 0 46 26
59 61 34 22 50 0 51 22
52 77 38 34 50 0 51 22
50 52 60 51 50 0 48 22
49 60 43 56 50 0 36 22
50 41 44 50 50 0 42 22
50 40 56 70 50 0 50 22
37 58 44 51 50 0 44 22
55 45 45 54 50 0 50 22
67 68 46 29 50 0 46 22
53 51 46 28 50 0 48 22
35 66 49 21 50 0 54 25
52 40 60 12 50 0 55 22
77 79 58 23 50 0 48 22
47 46 59 49 50 0 56 22
73 83 43 30 50 0 55 22
78 74 58 25 100 0 53 22
70 65 54 28 50 0 60 40
47 54 37 14 50 0 50 22
56 52 48 17 50 0 46 22
57 41 59 24 50 0 40 22
56 41 58 21 50 0 42 22
58 56 45 12 50 0 51 22
53 38 66 25 50 0 43 22
34 36 54 11 50 0 36 21
69 61 38 27 50 0 52 22
37 53 60 19 50 50 42 22
41 45 53 17 50 0 51 25
31 46 54 52 50 0 50 34
36 37 33 14 50 0 57 31
82 78 49 23 50 0 46 22
82 75 54 23 50 0 46 22
41 51 58 15 50 0 45 27
38 51 75 17 50 0 55 22
38 51 75 17 50 0 55 22
53 44 51 33 50 0 52 22
46 54 71 15 50 0 59 22
40 56 48 14 50 0 47 22
53 53 60 13 50 0 49 22
42 57 72 22 50 0 57 22
45 27 57 36 50 0 52 18
20 26 52 14 50 0 53 44
51 53 55 14 50 0 51 22
44 68 45 51 50 0 52 41
27 39 66 11 50 0 44 22
55 42 34 30 50 0 52 22
34 42 30 23 50 0 53 22
44 53 52 23 50 83 51 22
59 58 56 21 50 0 54 33
39 28 46 12 50 0 41 22
56 43 54 16 50 0 50 22
36 68 38 8 50 0 53 25
27 36 60 33 50 0 37 31
35 40 59 22 50 0 47 37
42 32 50 21 50 0 51 22
23 20 53 20 50 0 44 22
55 54 56 22 50 0 50 37
36 24 49 16 50 0 51 22
38 48 59 22 50 0 46 22
80 46 50 15 50 0 53 22
60 56 47 20 50 0 50 38
41 24 54 26 50 0 41 22
47 65 54 62 50 0 53 36
43 39 54 14 50 0 47 22
50 51 52 9 50 0 48 25
53 61 52 21 50 0 55 30
54 42 41 16 50 0 52 22
46 35 53 16 50 0 51 29
46 43 49 79 50 0 49 63
51 55 35 16 50 0 51 47
56 52 55 19 50 0 54 22
61 30 59 12 50 0 49 27
37 53 46 23 50 0 47 22
83 58 33 4 50 0 53 22
39 45 53 18 50 0 54 22
52 54 50 21 50 0 48 30
35 39 57 11 50 0 48 22
36 49 30 22 50 0 52 31
78 70 32 23 50 0 53 22
55 46 53 11 50 0 52 48
45 56 54 32 50 0 57 22
45 56 53 32 50 0 57 22
29 43 40 15 50 0 53 22
52 75 37 14 50 0 46 22
71 56 39 27 50 0 52 22
58 60 43 12 50 0 55 22
54 65 49 34 50 0 52 22
57 59 44 16 50 0 52 22
59 58 46 19 50 0 56 27
92 61 40 22 50 0 54 22
55 56 45 14 50 0 54 22
63 61 41 22 50 0 51 22
58 53 38 18 50 0 52 22
36 46 43 19 50 0 48 22
32 47 55 12 50 0 52 22
34 38 45 19 50 0 51 22
62 58 46 13 50 0 53 22
53 68 42 19 50 0 53 22
73 55 41 16 50 0 46 22
55 46 46 31 50 0 58 48
35 60 47 13 50 0 52 43
77 80 51 40 100 0 54 22
77 87 47 37 50 0 48 22
35 46 49 15 100 0 55 35
43 51 48 14 50 0 50 22
57 61 45 26 50 0 50 22
63 62 42 12 50 0 52 25
25 40 51 18 50 0 50 27
56 62 53 24 50 0 57 22
58 60 51 24 50 0 53 22
71 59 53 15 50 0 49 33
46 35 33 17 50 0 55 22
54 55 42 22 50 0 48 22
39 44 28 12 50 0 46 27
33 44 49 8 50 0 48 49
81 82 41 36 50 0 39 22
69 60 51 13 50 83 52 22
46 48 44 21 50 0 55 22
35 36 57 17 50 0 52 22
74 72 47 25 50 0 57 22
54 57 52 19 50 0 59 67
42 52 40 17 50 0 50 26
91 77 34 47 50 0 52 31
81 90 39 41 50 0 53 22
45 40 56 14 50 0 54 22
47 47 58 16 50 0 49 28
41 39 51 52 50 0 49 22
37 34 32 22 50 0 56 22
69 60 50 31 50 0 55 22
35 56 36 30 50 0 53 25
84 66 36 78 50 0 49 50
51 58 54 29 50 0 53 22
37 43 62 27 50 0 48 22
55 66 57 32 50 0 57 34
48 35 42 21 50 0 57 22
62 58 52 15 50 0 52 29
56 59 53 16 50 0 24 42
44 51 37 15 50 0 51 22
44 44 49 15 50 0 46 27
50 50 48 17 50 0 47 26
60 60 49 30 50 0 53 22
49 46 34 21 50 0 55 22
35 68 57 40 50 0 53 36
70 69 43 33 50 0 58 22
23 30 58 22 50 0 48 27
45 42 52 20 50 0 50 25
51 35 46 15 50 0 51 42
42 39 47 13 50 0 50 27
32 38 52 20 50 0 52 28
59 65 52 30 50 0 46 31
41 52 41 11 50 0 54 35
37 33 50 12 50 0 51 54
45 56 49 17 50 0 52 22
56 54 59 14 50 0 52 27
31 31 54 18 50 0 52 29
27 51 47 35 50 0 49 28
54 56 57 18 50 0 45 25
17 38 45 9 50 0 54 27
43 51 54 15 50 0 45 26
60 40 59 18 50 0 48 22
91 69 57 45 50 0 56 22
38 47 53 12 50 0 48 22
59 43 52 19 50 0 55 27
64 53 45 13 50 0 53 22
49 31 34 13 50 0 52 22
52 51 51 12 50 0 51 40
49 43 48 15 50 0 55 25
49 47 52 16 50 0 53 28
48 39 49 18 50 0 51 22
44 34 55 18 50 0 52 22
43 54 58 16 50 0 50 36
49 42 54 17 50 0 50 36
34 66 51 16 50 0 47 33
20 34 33 10 50 0 48 31
74 53 50 8 50 0 55 31
69 48 38 15 50 0 55 22
30 50 47 11 50 0 46 22
44 51 48 38 50 0 52 22
31 45 50 17 50 0 49 22
55 41 56 21 50 0 52 22
40 34 52 17 50 0 47 51
40 48 50 17 50 0 54 50
58 48 56 10 50 0 46 25
58 48 56 12 50 0 46 25
58 45 48 24 50 0 52 37
58 41 51 26 50 0 51 37
41 60 53 29 50 0 47 43
69 50 49 42 50 0 49 22
38 49 61 13 50 0 54 22
60 48 44 52 50 0 54 63
47 49 63 17 50 0 31 26
28 51 55 11 50 0 46 22
56 57 63 39 100 0 59 40
21 38 49 16 50 0 51 45
46 57 57 15 50 0 52 26
43 42 54 22 50 0 57 33
57 59 50 58 50 0 53 22
48 34 47 14 50 0 47 26
35 40 53 18 50 0 42 38
47 45 53 62 50 0 46 22
53 43 47 15 50 0 58 22
46 45 56 16 50 0 56 22
44 42 62 14 50 0 55 37
37 34 58 24 50 0 44 18
37 34 58 24 50 0 44 18
39 39 55 52 50 0 37 16
39 39 55 52 50 0 37 16
48 46 38 29 50 0 53 22
48 57 50 9 50 0 52 42
61 57 45 21 50 0 50 42
56 44 56 19 50 0 54 22
51 63 30 35 50 0 53 27
53 68 34 42 50 0 54 27
37 22 64 35 50 0 47 22
51 48 58 22 50 0 50 28
49 37 59 17 50 0 51 22
51 48 58 22 50 0 50 28
53 53 53 17 50 0 49 37
29 68 47 26 50 0 47 37
50 45 49 15 50 0 55 43
33 28 31 24 50 0 53 22
85 85 30 31 50 0 55 42
43 39 51 28 50 0 40 22
61 54 49 16 50 0 54 42
34 35 61 19 50 0 52 25
55 53 56 29 50 0 48 22
66 62 52 17 50 0 49 22
44 41 58 20 50 0 57 25
37 62 34 25 50 0 51 22
45 56 51 64 50 0 54 22
38 46 52 75 50 0 50 26
61 54 49 19 50 0 54 47
44 53 52 37 50 0 50 22
44 53 52 37 50 0 50 22
32 34 61 17 50 0 52 32
34 34 61 18 50 0 52 32
51 68 49 59 50 0 54 27
41 30 49 28 50 0 54 22
41 43 50 28 50 0 50 22
30 50 34 26 50 0 51 22
49 40 34 26 50 0 50 22
34 40 30 23 50 0 51 22
43 44 30 18 50 0 51 22
43 45 37 12 50 0 48 22
45 57 30 17 50 0 51 22
45 57 30 17 50 0 51 22
42 44 33 17 50 0 54 27
52 50 53 10 50 0 48 22
53 56 49 46 50 0 52 22
45 54 54 62 50 0 53 22
51 43 63 18 50 0 52 22
51 52 48 50 50 0 51 22
55 49 50 46 50 0 52 25
50 46 52 16 50 0 52 26
50 53 45 44 50 0 49 22
45 59 53 74 50 0 47 25
57 61 55 67 50 0 48 22
54 45 62 13 50 0 52 26
67 51 53 28 50 0 51 22
35 49 47 22 50 0 50 28
47 63 66 45 50 0 37 11
51 34 43 18 50 0 48 25
56 45 59 14 50 0 51 26
45 38 59 18 50 0 44 45
43 51 60 25 50 0 55 22
47 59 43 13 50 0 56 30
40 45 42 17 50 0 54 26
89 81 36 71 50 0 55 63
58 55 52 22 50 0 44 22
59 57 46 14 50 0 52 22
49 41 32 21 50 0 50 32
35 53 35 33 50 0 50 32
42 32 61 13 50 0 14 27
50 46 42 32 50 0 56 55
68 50 43 27 50 0 61 22
50 45 49 30 50 0 47 40
46 41 50 44 50 0 53 22
32 36 34 19 50 0 55 26
40 51 42 13 50 0 45 25
70 73 37 37 50 0 48 31
81 76 32 37 50 0 51 22
65 61 39 30 50 0 57 28
47 43 35 32 50 0 54 22
42 25 60 14 50 0 45 22
23 34 41 28 50 0 50 27
85 56 33 38 100 0 55 25
34 31 60 37 50 0 50 30
59 53 47 26 50 0 53 31
67 63 34 41 50 0 60 33
70 73 38 36 50 0 54 22
54 51 54 52 50 0 47 25
53 50 54 56 50 0 49 41
84 63 38 23 50 0 53 22
89 77 36 34 50 0 44 22
48 43 45 17 50 0 48 37
36 35 47 22 50 0 44 31
57 49 48 16 50 0 51 22
43 52 53 52 100 0 49 22
38 49 54 100 50 0 50 27
43 32 56 27 50 0 47 27
84 87 45 54 50 0 28 22
27 56 56 18 50 0 52 22
89 82 60 49 50 0 55 22
86 92 50 37 100 0 53 32
37 55 29 32 50 0 51 22
87 83 57 36 50 0 36 22
43 45 54 14 50 0 50 31
52 48 54 28 50 0 54 22
77 60 42 33 50 0 57 22
76 74 56 34 50 0 51 30
58 76 40 37 50 0 54 30
94 60 33 49 50 0 54 22
36 44 57 18 50 0 42 22
42 51 39 22 50 0 49 26
52 48 58 55 50 0 48 22
42 32 48 16 50 0 55 22
43 38 51 24 50 0 46 33
48 57 52 61 50 0 51 22
83 53 52 20 50 0 48 25
36 34 46 19 50 0 52 22
51 43 47 19 50 0 52 37
54 54 49 14 50 0 56 22
44 41 44 13 50 0 49 42
52 62 54 19 50 0 50 22
46 40 38 18 50 0 49 22
68 50 55 65 50 0 46 31
53 44 47 22 50 0 53 22
48 48 50 47 50 0 55 22
46 14 36 21 50 0 50 25
50 45 48 17 50 0 50 26
44 53 43 17 50 0 54 75
46 47 46 16 50 0 51 22
52 49 57 57 50 0 51 22
62 64 56 20 50 0 48 33
46 32 58 17 50 0 61 25
78 48 47 30 50 0 53 47
49 62 65 18 50 0 46 43
50 34 62 19 50 0 57 22
39 37 33 23 50 0 53 26
39 37 56 15 50 0 50 27
33 37 54 28 50 0 53 27
39 37 33 23 50 0 52 26
33 38 53 26 50 0 52 27
48 51 57 24 50 0 50 22
50 62 54 66 50 0 49 22
47 54 54 48 50 0 53 26
72 58 42 28 50 0 48 22
41 41 51 19 50 0 57 22
81 65 52 41 50 0 57 26
50 49 52 20 50 0 43 52
18 48 46 12 50 0 0 25
26 38 52 36 50 0 48 56
53 51 51 11 50 0 49 41
58 49 50 41 50 0 57 22
62 60 47 16 50 0 53 22
68 58 51 19 50 83 54 22
40 52 53 52 50 0 51 22
51 47 41 44 50 0 50 22
72 56 40 26 50 0 51 26
49 44 45 22 50 0 51 22
32 47 55 25 50 0 49 22
46 57 52 28 50 0 52 22
53 48 45 44 50 0 49 27
49 48 46 63 50 0 52 22
70 53 42 22 50 0 51 28
68 68 49 15 50 0 53 22
47 60 35 21 50 0 52 22
55 49 45 18 50 0 49 22
40 53 61 21 50 0 48 33
57 44 42 20 50 0 54 22
40 47 48 18 50 0 46 22
34 54 54 13 50 0 52 22
43 83 55 20 50 0 47 40
55 65 50 28 50 0 55 22
29 46 54 27 50 0 49 22
46 42 60 21 50 0 40 22
80 81 55 35 50 0 42 22
79 74 49 33 50 0 48 22
45 48 63 67 50 0 48 22
66 52 52 44 50 0 56 27
50 49 59 47 50 0 49 36
54 52 54 20 50 0 55 25
37 31 53 16 50 0 53 44
43 39 59 13 50 0 41 43
48 47 54 55 50 0 51 65
60 59 45 23 50 0 55 22
45 73 47 65 50 0 54 43
66 54 49 16 50 0 54 36
46 55 61 13 50 0 47 22
42 50 53 22 50 83 50 22
66 66 32 54 50 0 51 22
74 56 35 36 50 0 51 25
89 52 41 26 50 0 52 31
67 51 54 21 50 0 43 30
58 46 46 34 50 0 50 43
40 68 50 82 50 0 44 36
59 57 43 26 50 0 51 22
39 30 56 12 50 0 53 38
60 62 54 40 50 0 50 22
36 40 53 48 50 0 48 22
51 42 56 38 50 0 46 22
41 54 58 20 50 0 52 22
57 40 62 30 50 0 48 11
52 50 59 31 50 0 50 22
42 53 53 64 50 0 47 22
50 46 64 36 50 0 49 22
60 51 60 38 50 83 52 24
45 38 64 14 50 0 54 22
60 57 64 52 50 0 47 28
53 42 58 29 50 0 50 22
41 52 53 41 50 0 39 33
45 43 63 40 50 0 59 11
44 44 67 35 50 0 48 26
58 52 61 33 50 0 38 11
57 61 55 27 50 0 44 21
57 58 58 35 50 0 49 22
64 64 56 21 50 0 50 22
56 50 61 49 50 0 46 28
60 46 59 16 50 0 49 22
36 38 56 44 50 0 48 22
53 52 61 35 50 0 50 22
62 59 54 47 50 0 46 22
55 50 60 31 50 0 46 27
58 53 57 46 50 0 51 27
65 53 55 52 50 0 47 27
38 54 54 41 50 0 51 22
58 53 50 53 50 0 47 31
61 46 51 37 50 0 51 22
55 59 47 64 50 0 54 33
54 64 50 13 50 0 49 22
40 74 49 16 50 0 51 22
76 76 35 27 50 0 44 22
51 56 51 42 50 0 53 36
43 32 50 29 50 0 50 22
49 44 45 55 50 0 48 22
32 45 44 20 50 0 55 33
51 60 51 26 50 0 54 22
49 46 42 46 50 0 55 22
50 56 49 61 50 0 50 22
51 48 51 43 50 0 49 22
52 38 62 12 50 0 41 28
53 40 57 12 50 0 53 32
51 56 62 24 50 0 52 51
63 60 50 27 50 0 55 22
46 44 53 31 50 0 48 22
58 57 54 69 50 0 54 22
61 59 47 49 50 0 54 22
63 47 56 12 50 0 50 22
55 53 54 40 50 0 48 22
41 47 58 62 50 0 50 22
44 53 53 37 50 0 51 22
57 40 48 24 50 0 55 22
46 46 56 12 50 0 55 22
47 46 55 28 50 0 44 46
39 35 49 17 50 0 49 22
58 38 40 21 50 0 50 22
53 41 50 24 100 0 47 22
43 40 50 18 50 0 50 28
41 59 46 19 50 0 36 22
58 56 52 25 50 0 57 35
51 65 53 19 50 0 49 22
81 79 32 37 50 0 41 22
44 41 29 21 50 0 49 22
49 60 55 17 50 0 44 22
56 63 52 20 50 0 34 26
42 28 57 18 50 0 42 22
51 46 54 41 50 0 53 22
60 51 52 45 50 0 50 27
37 41 45 14 50 0 47 22
37 51 57 40 50 0 48 27
36 39 55 26 50 0 49 22
50 36 53 41 50 0 55 36
59 58 39 52 50 0 50 31
78 63 53 13 50 0 54 22
47 59 37 31 50 0 51 36
48 62 52 30 50 0 51 37
53 61 51 49 50 0 54 27
48 54 53 60 50 0 53 31
33 46 53 29 50 0 50 55
36 44 51 17 50 0 60 19
39 34 68 30 50 0 50 29
11 41 67 13 50 0 45 29
40 53 44 18 50 0 54 31
47 50 55 19 50 0 62 22
35 50 44 27 50 0 51 22
36 30 50 19 50 0 55 30
49 44 51 18 50 0 52 27
35 44 54 26 50 0 52 26
43 28 53 34 50 0 55 57
33 48 55 16 50 0 53 75
45 21 49 24 50 0 46 31
44 34 61 13 50 0 49 26
87 47 60 47 50 0 59 22
30 55 58 16 50 0 61 28
29 34 55 24 50 0 51 22
75 67 51 29 50 0 52 36
47 47 50 15 50 0 50 48
51 34 49 16 50 0 53 21
64 76 51 18 50 0 46 22
45 41 58 48 50 0 53 64
90 54 59 20 50 0 48 22
88 59 54 39 50 0 41 30
70 51 47 24 50 0 53 25
25 36 58 30 50 0 58 31
69 62 49 0 100 0 47 22
83 57 42 57 50 0 50 32
43 38 38 12 50 0 50 22
78 65 40 16 50 0 63 22
52 64 34 16 50 0 57 22
75 66 64 39 50 0 46 32
41 49 58 22 50 0 52 22
58 51 56 16 50 0 34 22
48 49 45 23 50 0 51 22
39 42 49 10 50 0 49 65
31 42 48 17 50 0 49 53
39 28 54 14 50 0 59 22
76 67 37 22 50 0 54 22
49 27 57 18 50 83 54 22
28 48 56 16 50 0 48 26
69 39 52 12 50 0 38 35
64 52 50 26 50 0 51 31
56 48 50 30 50 0 51 22
50 50 54 16 50 0 49 22
47 43 59 27 50 0 55 22
68 59 44 49 50 0 40 26
50 51 57 27 50 0 48 22
45 46 61 20 50 0 62 22
53 51 36 13 50 0 52 22
60 54 54 53 50 0 52 27
49 52 53 70 50 0 51 22
49 45 53 16 50 0 49 31
51 46 57 25 50 0 53 22
49 45 46 18 50 0 49 31
52 46 51 18 50 0 50 22
55 59 52 10 50 0 53 22
39 58 50 10 50 0 51 25
70 84 49 28 100 0 58 22
33 38 45 19 50 0 54 37
61 46 44 47 50 0 50 37
41 48 38 13 50 0 51 35
37 42 60 13 50 0 51 22
45 58 59 44 50 0 56 22
74 89 32 24 50 0 54 32
28 46 26 18 50 0 39 22
51 46 49 21 50 0 55 22
80 82 57 26 50 0 57 27
46 49 45 28 50 0 55 22
40 36 55 15 50 0 53 22
67 46 58 30 50 0 57 27
50 32 49 49 50 0 48 32
45 53 47 43 50 0 50 27
75 60 43 35 50 0 45 27
56 68 52 39 50 0 36 22
48 45 59 35 50 0 55 30
26 28 60 20 50 0 54 31
59 45 58 21 50 0 49 22
48 52 49 35 50 50 51 22
59 58 47 61 50 0 44 30
50 57 62 25 50 0 51 22
57 49 50 20 50 0 51 28
62 43 49 29 50 0 50 27
45 41 49 14 100 0 53 30
47 49 60 15 50 0 38 22
41 48 54 24 50 0 37 51
46 46 53 23 50 0 51 22
48 42 48 19 50 0 58 22
43 45 53 19 50 0 56 22
28 36 55 15 50 0 57 22
48 46 58 26 50 0 44 22
74 72 50 28 50 0 50 27
74 72 50 28 50 0 49 27
38 62 52 14 50 0 53 22
77 72 48 26 50 0 51 22
44 42 57 22 50 0 50 25
74 74 51 27 50 0 50 22
39 81 35 28 50 0 51 45
53 54 43 18 50 0 53 31
38 45 37 19 50 0 52 30
40 37 54 13 50 0 48 22
31 30 34 19 50 0 55 30
50 42 57 49 50 0 48 27
59 61 51 62 50 0 51 38
45 40 43 22 50 0 51 48
47 54 53 77 50 0 52 36
77 78 51 28 50 0 33 22
74 71 52 30 50 0 27 22
77 73 51 27 50 0 34 22
47 61 50 23 50 0 49 22
78 69 44 26 50 0 54 22
49 60 30 34 50 0 50 43
27 56 30 14 50 0 52 39
40 39 33 17 50 0 51 31
55 51 54 20 50 0 56 22
95 71 27 39 50 0 31 22
97 71 29 42 50 0 35 22
44 43 34 21 50 0 55 40
39 49 30 19 50 0 52 31
38 48 51 13 50 0 50 32
37 51 39 18 50 0 51 27
27 49 36 26 50 0 49 26
49 48 52 20 50 0 55 22
36 39 54 16 50 0 50 28
54 53 48 14 50 0 49 33
37 48 50 26 50 0 52 39
25 39 50 23 50 0 50 28
49 71 54 13 50 0 58 22
56 50 56 26 50 0 53 27
41 53 41 15 50 0 54 25
50 45 53 21 50 0 28 22
46 37 48 36 50 0 48 22
66 55 34 20 50 0 62 22
42 65 58 34 50 0 50 22
45 47 53 15 50 0 52 27
42 28 51 23 50 0 53 27
51 48 46 29 50 0 54 22
75 69 48 13 50 0 57 40
69 70 50 30 50 0 54 22
63 55 53 51 50 0 55 22
55 63 54 16 50 0 45 27
46 62 54 25 50 0 46 22
53 59 48 14 50 0 51 22
42 53 57 17 50 0 49 22
52 46 56 20 50 0 50 22
53 43 57 24 50 0 39 28
33 35 56 19 50 0 50 22
45 48 56 56 50 0 47 22
56 48 50 17 50 0 51 26
77 57 45 17 50 0 53 22
56 59 54 18 50 0 48 46
33 39 52 9 50 0 47 28
48 41 54 39 50 0 51 22
30 30 46 32 50 0 45 22
38 26 60 10 50 0 48 44
68 39 50 15 50 0 48 37
62 41 52 17 50 0 48 22
52 37 48 13 50 0 55 22
32 48 49 17 50 0 47 22
34 35 58 20 50 0 46 32
33 21 53 15 100 0 52 50
49 45 57 24 50 0 47 38
40 28 48 6 50 0 49 42
51 39 56 25 50 0 51 33
45 45 52 17 50 0 54 22
28 51 55 19 50 0 57 22
51 51 56 28 50 0 54 27
48 56 49 32 50 0 50 22
59 46 48 46 50 0 49 22
51 46 40 65 50 0 49 22
37 44 51 56 50 0 50 38
81 55 35 34 50 0 51 22
53 45 53 18 50 0 42 22
45 27 50 33 50 0 53 26
36 33 38 15 50 0 55 36
48 50 56 11 50 0 33 22
35 47 53 19 50 0 48 22
48 48 56 18 50 0 58 22
60 59 47 47 50 0 53 22
45 53 51 42 50 0 52 22
29 40 41 48 50 0 53 30
58 53 33 26 50 0 51 22
46 43 50 24 50 0 48 31
43 46 50 21 50 0 49 34
61 55 51 26 50 0 52 22
50 62 52 30 50 0 56 22
49 45 54 40 50 0 55 22
64 53 59 14 50 0 53 22
57 60 54 17 50 0 52 22
38 31 59 19 50 0 46 22
68 53 44 31 50 0 51 22
24 41 47 16 50 0 51 38
61 39 53 14 50 0 43 26
39 16 59 8 50 0 51 27
33 28 50 40 50 0 46 61
51 55 56 18 50 0 50 38
39 44 54 24 50 0 51 49
43 48 53 18 50 0 46 22
47 43 48 16 50 0 46 27
52 50 51 20 50 0 51 22
33 28 52 15 50 0 51 86
36 48 50 13 50 0 49 60
45 54 49 29 50 0 49 25
55 59 53 15 50 0 49 22
31 39 55 28 50 0 46 31
43 41 51 34 50 0 49 28
64 50 53 10 50 0 51 22
41 52 56 26 50 0 48 32
48 47 59 41 50 0 56 27
49 49 51 29 50 0 52 71
41 52 51 22 50 0 52 44
51 61 50 23 50 0 52 61
59 47 51 53 50 0 53 26
40 60 50 16 50 0 51 22
54 53 53 17 50 0 51 39
61 46 54 11 50 0 47 22
66 55 54 18 50 0 43 22
53 46 54 37 50 0 51 30
41 41 43 61 50 0 53 22
58 31 60 12 50 0 47 33
49 67 50 28 50 0 43 22
44 33 55 16 50 0 49 22
44 45 53 19 50 0 41 28
57 55 52 16 50 0 49 39
45 66 39 11 50 0 54 22
32 49 53 28 50 0 50 50
35 42 56 28 50 0 47 22
46 41 58 10 50 0 48 22
57 51 58 22 50 0 51 22
47 47 54 19 50 0 51 33
34 58 50 26 50 0 51 22
55 45 58 25 50 0 49 22
40 66 34 21 50 0 52 26
42 21 59 30 50 0 47 27
60 48 46 32 50 0 40 33
64 44 51 35 50 0 53 22
35 40 44 25 50 0 53 57
55 38 64 42 50 0 47 22
45 43 50 25 50 0 47 22
47 53 48 51 50 0 54 22
45 49 57 25 50 0 48 22
45 52 50 12 50 0 60 22
56 51 32 49 50 0 48 22
37 58 50 22 50 0 47 22
47 45 51 33 50 0 46 26
50 36 64 37 50 0 37 33
43 44 64 19 50 0 38 33
38 40 59 25 50 0 44 22
39 39 59 25 50 0 45 22
54 55 56 14 50 0 50 25
45 50 57 29 50 0 44 11
45 50 57 29 50 0 44 11
61 38 57 36 50 0 44 21
61 38 57 36 50 0 44 21
43 33 54 37 50 0 38 16
43 33 54 37 50 0 38 16
51 39 58 19 50 0 47 22
72 51 52 8 50 0 54 22
35 41 53 27 50 0 47 29
56 49 54 15 50 0 50 35
57 37 43 27 50 0 53 28
57 49 61 26 50 0 52 22
48 45 63 19 50 0 58 22
34 48 47 19 50 0 50 30
54 57 55 18 50 0 50 22
38 44 55 44 50 0 47 51
40 30 57 13 50 0 46 22
27 31 55 13 50 0 50 22
52 46 56 25 50 0 52 22
44 50 55 24 50 0 48 22
34 47 48 32 50 0 42 22
50 56 63 25 50 0 42 22
46 53 47 37 50 0 51 36
31 60 65 18 50 0 46 22
57 42 63 22 50 0 68 32
37 45 53 14 50 0 49 22
38 38 54 24 50 0 54 22
36 49 55 21 50 0 55 33
29 40 50 16 50 0 51 34
37 30 51 15 50 0 58 26
35 33 48 42 50 0 47 43
46 35 69 18 50 0 30 25
46 35 69 18 50 0 30 25
57 43 52 30 50 0 37 11
57 43 52 30 50 0 37 11
59 51 48 12 50 0 54 31
59 51 48 12 50 0 54 31
61 53 59 17 50 0 44 28
61 48 56 19 50 0 53 31
61 48 56 19 50 0 53 31
44 56 52 18 50 0 50 11
36 56 52 18 50 0 45 16
37 44 64 48 50 0 36 27
72 37 63 38 50 0 40 14
72 37 63 38 50 0 40 14
44 36 64 45 50 0 53 11
58 45 55 27 50 0 48 11
63 64 45 26 50 0 43 22
63 64 45 26 50 0 43 22
43 33 67 12 50 0 45 23
43 33 67 12 50 0 43 23
58 44 50 26 50 0 52 22
38 43 53 22 50 0 48 11
40 45 61 29 50 0 44 22
40 45 61 29 50 0 44 22
34 34 65 40 50 0 32 16
34 34 65 40 50 0 32 16
43 22 79 79 50 0 22 0
35 21 100 80 50 0 13 1
35 21 100 80 50 0 13 1
56 35 47 41 50 0 50 22
56 35 47 35 50 0 52 22
54 44 55 48 50 0 47 22
35 39 56 20 50 0 49 41
48 46 58 16 50 0 45 22
48 55 48 10 50 0 55 22
66 60 52 19 50 0 69 22
69 54 55 23 50 0 73 22
73 60 47 20 50 0 72 22
78 82 56 21 50 0 69 22
42 49 49 36 50 0 57 26
44 62 53 27 50 0 49 22
56 61 52 19 50 0 52 32
47 56 46 50 50 0 51 22
46 33 45 22 50 0 41 37
52 43 61 22 50 0 45 22
52 43 61 22 50 0 45 22
32 44 54 21 50 0 40 19
32 44 54 21 50 0 40 19
48 41 52 33 50 0 51 26
46 39 54 22 50 0 48 25
46 39 54 22 50 0 48 25
42 50 64 13 50 0 49 22
46 54 59 41 50 0 53 21
46 54 59 41 50 0 53 21
39 65 57 19 50 0 44 25
39 65 57 19 50 0 43 25
38 50 52 44 50 0 54 11
38 50 52 44 50 0 54 11
51 52 58 17 50 0 47 28
57 48 54 22 50 0 50 11
50 50 62 23 50 0 35 11
41 49 65 28 50 0 59 57
53 57 60 36 50 0 50 22
53 57 60 36 50 0 50 22
37 30 62 43 50 0 44 39
37 30 62 43 50 0 44 39
60 57 52 14 50 0 46 48
42 38 52 29 50 0 42 22
41 46 58 8 50 0 51 28
49 40 58 23 50 0 47 27
37 37 51 38 50 0 44 22
57 50 40 8 50 0 47 22
51 40 50 28 50 0 48 27
34 25 55 28 50 0 51 49
77 86 44 27 50 0 48 22
59 54 53 14 50 0 48 22
50 48 48 23 50 0 53 68
39 100 38 41 50 0 50 27
56 42 52 14 50 0 51 22
39 46 33 18 50 0 53 22
52 54 47 49 50 0 54 22
46 49 55 18 50 0 56 22
56 65 49 56 50 0 49 22
53 51 55 57 50 0 46 22
54 64 40 56 50 0 51 22
47 58 47 52 50 0 54 22
46 42 51 16 50 0 56 22
60 51 49 18 50 0 53 38
85 66 49 18 50 0 51 22
55 52 44 20 50 0 56 22
49 38 56 9 50 0 46 22
38 40 53 12 50 0 55 22
55 55 52 13 50 0 53 25
46 44 58 17 50 0 55 22
34 46 52 19 50 0 53 26
58 56 46 14 50 0 51 22
46 47 44 18 100 0 46 22
44 71 50 21 50 0 54 27
56 49 32 22 50 0 50 22
41 49 47 9 50 0 49 22
44 51 53 30 50 0 53 22
54 51 56 15 50 0 54 31
51 51 32 27 50 0 54 22
46 38 51 20 50 0 51 22
55 72 35 26 50 0 49 22
54 44 35 19 50 0 51 27
65 66 37 12 50 0 52 27
41 40 56 17 50 0 56 22
39 71 38 14 50 0 50 22
37 42 46 15 50 0 51 31
59 55 57 18 50 0 51 22
48 51 50 24 50 0 54 38
39 30 63 20 50 0 43 47
47 52 54 25 50 0 54 29
77 82 40 36 50 0 38 22
52 55 39 9 100 0 55 25
42 28 33 23 50 0 39 26
47 37 46 28 50 0 52 99
48 50 47 29 50 0 46 27
30 33 55 12 50 0 53 38
49 49 52 18 50 0 51 25
54 59 57 34 50 0 49 22
70 78 53 24 50 0 48 22
85 69 34 31 50 0 57 30
56 59 45 15 50 0 54 22
47 56 53 44 50 0 53 22
53 49 47 21 50 0 53 22
70 57 34 19 50 0 53 27
42 43 67 70 50 0 42 25
47 44 53 18 50 0 47 29
40 49 53 23 50 0 44 26
45 65 51 17 50 0 49 22
42 42 55 31 50 0 43 22
45 41 53 49 50 0 49 31
42 28 49 22 50 0 55 34
47 50 47 22 50 0 53 45
33 42 55 23 50 0 52 43
56 55 57 15 50 0 54 25
37 47 49 12 50 0 47 31
32 60 48 13 50 0 53 22
38 42 31 35 50 0 52 22
46 56 56 25 50 0 43 22
47 55 57 17 50 0 52 66
37 55 52 13 50 0 42 80
46 48 38 22 50 0 39 45
80 69 53 33 50 0 51 22
52 65 36 37 50 0 52 34
19 16 68 36 50 0 49 21
64 31 53 15 50 0 53 31
40 43 36 33 50 0 51 22
47 56 51 20 50 0 52 59
40 75 44 12 50 0 49 22
48 55 58 18 50 0 38 69
57 51 34 13 50 0 53 27
23 37 32 13 50 0 53 22
54 50 51 26 50 0 52 22
60 64 56 36 50 0 46 27
27 41 24 20 50 0 49 22
25 35 22 18 50 0 46 22
39 45 51 29 50 0 54 22
33 47 55 24 50 0 45 67
37 40 38 18 50 0 51 22
43 47 47 18 50 0 47 22
66 43 57 60 50 0 19 33
55 40 62 22 50 0 37 28
33 46 60 18 50 0 51 26
51 50 54 11 50 0 60 22
54 60 57 17 50 0 44 22
45 57 38 28 50 0 53 31
55 57 51 7 50 0 55 22
54 47 58 40 50 0 46 27
36 32 55 27 50 0 47 43
46 41 45 23 50 0 48 22
40 39 60 23 50 0 52 31
52 47 58 18 50 0 34 11
52 47 58 18 50 0 34 11
50 45 51 19 50 0 53 25
57 55 51 18 50 0 51 43
44 43 46 28 50 0 45 29
46 50 50 28 50 0 50 37
66 65 54 40 50 0 51 22
77 73 49 46 50 0 38 22
38 58 46 21 50 0 52 22
32 68 51 16 50 83 55 22
27 46 52 17 50 0 49 44
52 45 45 13 50 0 48 22
37 29 45 15 50 0 49 22
37 48 67 37 50 0 56 62
44 59 54 18 50 0 49 22
48 65 36 24 50 0 54 31
59 49 45 22 50 0 45 31
73 52 59 25 50 0 51 22
50 43 50 17 50 0 46 47
23 13 51 16 50 0 53 51
49 60 54 35 50 0 53 46
52 31 56 16 50 0 55 22
49 48 51 21 50 0 53 22
49 60 42 18 50 0 58 28
60 62 54 11 50 0 51 22
55 47 53 20 50 0 40 22
47 32 51 24 50 0 54 27
53 25 59 27 50 0 45 26
31 50 54 32 50 0 53 31
25 33 48 18 50 0 42 33
55 46 47 15 50 0 47 22
61 50 61 21 50 0 55 54
50 52 51 22 50 0 46 37
62 33 49 24 50 0 51 42
56 52 46 17 50 0 49 73
52 56 55 16 50 0 53 39
53 48 51 18 50 0 52 27
51 48 51 19 50 0 51 27
51 48 51 26 50 0 51 27
53 48 51 18 50 0 51 27
60 46 51 10 50 0 48 31
60 46 51 10 50 0 48 31
44 39 63 11 50 0 49 26
51 50 49 45 50 0 48 22
45 45 51 30 50 0 48 44
38 42 47 12 50 0 47 53
19 66 60 14 50 0 20 25
41 42 23 16 50 0 40 22
25 42 21 14 50 0 41 22
70 58 53 39 50 0 59 22
49 31 43 24 50 0 54 22
46 41 43 18 50 0 54 22
83 81 45 38 50 0 40 26
38 51 56 21 50 0 48 31
32 36 28 38 50 0 50 40
40 65 38 17 50 0 57 22
36 37 63 25 50 0 30 22
49 55 41 19 50 0 48 31
30 45 55 19 50 0 53 40
88 72 32 30 50 0 52 33
44 40 53 19 50 0 48 27
45 57 52 21 50 0 54 38
46 61 38 35 50 0 49 22
55 41 67 61 50 0 49 14
28 18 72 26 50 0 49 25
66 65 53 17 50 0 47 66
36 50 39 23 50 0 50 22
48 54 56 29 50 0 51 43
33 37 49 22 50 0 55 22
58 43 32 11 50 0 49 22
58 64 42 30 50 0 54 22
74 82 46 24 50 0 50 31
74 82 46 24 50 0 48 22
75 76 58 22 50 0 49 22
58 37 58 16 50 0 51 22
39 39 65 16 50 0 45 22
51 59 55 21 50 0 52 22
41 35 60 22 50 0 56 79
43 28 41 32 50 0 52 22
41 49 55 13 50 0 55 22
23 29 46 0 50 0 43 31
25 48 45 32 50 0 40 22
38 34 55 44 50 0 48 26
61 54 54 38 50 0 54 29
48 17 37 33 50 0 44 36
47 47 50 19 50 0 51 26
55 38 52 16 50 0 49 64
41 39 61 17 50 0 50 61
41 56 53 16 50 0 55 26
78 73 27 28 50 0 56 22
31 51 38 18 50 0 46 31
63 64 49 20 50 0 52 25
31 40 31 17 50 0 52 22
44 65 49 16 50 0 48 31
48 44 46 37 50 0 46 36
50 49 46 22 50 0 53 25
62 42 47 16 50 0 52 22
50 45 52 18 50 0 52 22
59 51 47 21 50 0 47 22
39 47 49 20 50 0 53 26
49 48 52 24 50 0 50 22
59 48 49 42 50 0 52 22
57 35 50 43 50 0 53 22
61 52 50 44 50 0 53 22
49 51 52 13 50 0 51 33
45 40 56 15 50 0 52 22
63 43 48 11 50 0 51 22
63 43 48 11 50 0 51 22
52 45 53 34 50 0 52 44
54 48 55 33 50 0 55 40
55 79 45 25 50 0 51 22
58 51 63 20 50 0 50 42
63 58 57 10 50 0 52 33
54 67 56 15 50 0 57 33
41 59 65 14 50 0 49 33
47 38 50 15 50 0 49 47
33 17 52 13 50 0 51 75
42 50 59 17 50 0 51 22
54 55 55 40 50 0 53 22
31 31 57 15 50 0 50 22
38 42 50 19 50 0 44 22
33 36 62 26 50 0 55 22
38 42 50 19 50 0 44 22
47 56 58 19 50 0 44 64
32 32 52 18 50 0 48 34
28 27 50 14 50 0 50 28
41 46 57 25 50 0 57 38
44 54 51 16 50 0 58 22
44 55 51 16 50 0 60 22
77 70 44 29 50 0 56 22
40 56 53 15 50 0 49 22
79 79 42 26 50 0 60 22
80 83 43 24 50 0 54 22
58 55 51 13 50 0 52 22
55 69 51 12 50 0 51 22
47 46 53 12 50 0 51 25
57 29 63 22 50 0 49 27
52 49 59 21 50 0 47 22
41 42 53 17 50 0 48 58
45 36 50 19 50 0 53 70
53 51 54 21 50 0 45 22
49 50 42 43 50 0 50 36
44 49 49 27 50 0 52 22
25 26 53 17 50 0 45 22
49 46 54 18 50 0 35 22
42 37 54 17 50 0 51 22
42 45 75 21 50 0 48 22
39 45 75 17 50 0 51 22
63 54 53 27 50 0 49 22
54 43 48 27 50 0 44 41
40 44 50 13 50 0 52 39
55 39 39 47 50 0 50 83
59 48 41 53 50 0 48 56
49 38 49 15 50 0 53 25
53 45 52 29 50 0 55 38
62 60 54 22 50 0 54 27
33 46 53 12 50 0 50 27
57 36 51 25 50 0 54 25
45 76 51 25 50 0 59 22
48 44 51 24 50 0 49 22
59 64 44 26 50 0 50 22
79 56 53 19 50 0 47 35
50 50 48 34 50 0 52 27
79 62 35 35 50 0 60 28
52 50 60 20 50 0 52 22
59 46 57 17 50 0 52 22
53 42 53 19 50 0 47 22
59 46 55 17 50 0 52 25
61 73 50 58 50 0 50 22
50 43 56 17 50 0 35 22
36 52 61 33 50 0 52 37
66 54 53 17 50 0 54 22
52 51 48 12 50 0 54 31
56 46 51 25 50 0 54 22
47 46 49 27 50 0 59 22
50 46 49 27 50 0 60 22
43 48 36 26 50 0 52 22
50 44 57 28 50 0 57 22
46 47 62 30 50 0 38 22
59 70 46 19 50 0 54 44
19 41 55 13 50 0 52 25
27 43 50 13 50 0 54 31
42 46 44 17 50 0 51 42
49 36 47 28 50 0 56 54
42 51 33 16 50 0 54 22
34 42 48 19 50 0 46 31
60 57 63 22 50 0 50 49
53 44 54 52 50 0 49 38
48 39 56 23 50 0 60 22
56 49 47 13 50 0 52 22
47 59 56 9 50 0 50 22
40 28 58 44 50 0 41 22
54 35 55 19 50 0 30 22
50 47 45 14 50 0 53 32
55 49 60 18 50 0 51 22
55 44 50 9 50 0 55 22
66 37 60 25 50 0 69 22
51 49 48 55 50 0 52 58
36 51 51 17 50 0 52 22
68 68 35 16 50 0 62 22
44 35 55 14 50 0 52 22
73 59 35 15 50 0 54 22
60 37 52 15 50 0 55 26
64 61 56 15 50 0 54 22
48 58 58 12 50 0 49 22
65 58 53 21 50 0 51 22
48 49 49 26 50 0 39 27
57 54 32 15 50 0 52 25
40 36 32 16 50 0 51 27
50 55 52 16 50 0 51 31
65 63 47 22 50 0 52 27
41 48 51 20 50 0 51 22
25 40 54 16 50 0 43 22
63 56 52 21 50 0 50 22
56 68 42 36 50 0 49 22
57 47 48 17 50 0 52 26
46 52 51 13 50 0 47 22
50 40 57 17 50 0 59 22
78 71 35 25 50 0 49 22
64 56 52 17 50 0 54 47
100 80 29 36 50 0 52 22
51 39 56 55 50 0 46 64
69 66 36 9 50 0 56 22
40 45 45 15 50 0 53 48
49 53 36 15 50 0 52 27
39 63 41 27 50 0 49 22
45 51 43 22 50 0 57 22
77 78 27 37 50 0 49 22
88 75 41 36 50 0 43 22
49 49 40 20 50 0 48 26
57 53 60 28 50 0 52 45
53 52 49 27 50 0 51 22
50 47 56 31 50 0 56 26
71 79 41 38 50 0 54 22
33 49 46 22 50 0 53 33
47 41 46 18 50 0 53 22
45 39 46 29 50 0 42 22
59 56 50 48 50 0 46 22
32 30 57 38 50 0 50 25
26 30 37 15 50 0 53 25
28 41 46 18 50 0 47 39
45 50 43 16 50 0 52 28
24 25 57 28 50 0 51 11
46 61 55 29 50 0 49 22
54 44 38 22 50 0 54 30
22 53 36 22 50 0 54 31
25 41 47 14 50 0 56 68
43 41 37 18 50 0 54 31
40 44 47 25 50 0 54 56
46 59 38 12 50 0 50 22
80 82 40 31 50 0 57 25
29 39 46 36 50 0 51 22
40 40 43 19 50 83 48 22
57 52 46 20 50 83 52 41
43 60 40 12 50 0 49 29
56 71 47 21 50 0 52 22
65 62 26 33 50 0 55 22
77 70 37 12 50 0 49 26
47 61 32 27 50 0 50 30
71 51 49 23 50 0 30 32
59 48 49 49 50 0 36 32
58 63 52 70 50 0 46 22
30 68 41 17 50 0 51 22
74 73 32 20 50 0 55 22
55 35 36 29 50 0 51 22
35 32 31 16 50 0 56 22
67 61 39 24 50 0 51 22
69 57 39 19 50 0 48 39
47 41 53 27 50 0 47 25
39 56 34 18 50 0 49 22
51 38 42 21 50 0 46 34
32 45 39 14 50 0 45 22
75 73 35 33 50 0 49 28
54 54 56 18 50 0 46 29
71 64 42 28 50 0 43 22
28 48 36 16 50 0 53 22
58 44 45 32 50 0 52 37
52 65 36 26 50 0 44 22
64 44 56 15 50 0 56 22
48 58 47 17 50 0 53 74
42 71 45 15 50 0 48 22
38 37 36 14 50 0 54 22
40 40 44 37 50 0 53 25
38 56 38 16 50 0 53 22
80 79 43 25 50 0 52 22
63 65 42 18 50 0 54 27
47 40 63 19 50 0 52 32
83 94 32 21 50 0 51 22
61 76 30 16 50 0 45 41
33 38 47 14 50 0 51 47
38 67 33 17 50 0 51 22
39 33 33 23 50 0 47 22
50 63 45 13 50 0 45 32
20 60 50 29 50 0 51 22
29 26 43 17 50 0 55 30
51 46 41 36 50 0 49 22
92 66 52 23 50 0 53 22
49 56 37 20 50 0 53 22
86 78 34 15 50 0 53 22
38 44 57 14 50 0 53 52
72 73 41 28 50 0 44 22
80 73 47 19 50 0 49 22
49 55 35 23 50 0 57 22
63 71 44 53 50 0 52 22
60 68 30 27 50 0 55 22
40 43 49 17 50 0 51 36
82 63 47 18 50 0 50 22
77 68 35 19 50 0 53 43
51 59 46 13 50 0 48 22
52 46 34 20 50 0 51 25
47 50 60 63 50 0 38 16
34 24 51 15 50 0 54 40
35 29 46 14 50 0 54 66
58 67 49 16 50 0 47 28
85 85 30 31 50 0 55 42
36 48 61 26 50 0 50 16
41 25 59 44 50 0 60 69
30 37 40 45 50 0 48 41
57 59 49 86 50 0 47 22
38 40 39 19 50 0 46 62
77 74 37 29 50 0 45 22
47 38 58 19 50 0 57 22
50 61 44 20 50 0 49 22
41 45 46 23 50 0 50 70
46 62 46 54 50 0 51 27
74 75 45 44 50 0 52 22
52 53 58 69 50 0 50 22
41 47 50 14 50 0 53 37
25 40 52 15 50 0 56 28
58 56 38 39 50 0 54 57
32 29 29 8 50 0 52 22
38 48 57 30 50 0 41 11
39 58 47 18 50 0 48 22
38 47 47 18 50 0 44 26
63 57 50 48 50 0 51 22
51 45 62 25 50 0 59 22
59 67 54 19 50 0 48 60
60 61 54 11 50 0 46 22
48 61 57 17 50 0 45 22
71 50 50 18 50 0 46 22
61 48 54 25 50 0 50 22
38 32 64 41 50 0 44 11
38 40 66 35 50 0 43 11
81 62 43 17 50 0 53 22
47 43 61 40 50 0 48 47
67 57 36 19 50 0 56 22
43 40 60 16 50 0 53 39
65 54 54 13 50 0 53 22