     1     1     1
     1     1     1
     1     1     1
     1     1     1
     1     1     1
     1     1     1
     1     1     1
     1     1     1
     1     1     1
     1     1     1
     1     1     1
     1     1     1
     1     1     1
     1     1     1
     1     1     1
     1     1     1
     1     1     1
     1     1     1
     1     1     1
     1     1     1
     1     1     1
     1     1     1
     1     1     1
     2     1     0
     1     1     1
     1     1     1
     1     1     1
     1     1     1
     1     1     1
     1     1     1
     1     1     1
     1     1     1
     1     1     1
     1     1     1
     1     1     1
     1     1     1
     1     1     1
     1     1     1
     1     1     1
     2     1     0
     2     2     2
     2     2     2
     2     2     2
     2     2     2
     2     2     2
     2     2     2
     2     2     2
     2     2     2
     2     2     2
     2     2     2
     2     2     2
     3     2     0
     2     2     2
     2     2     2
     2     2     2
     2     2     2
     2     2     2
     2     2     2
     2     2     2
     2     2     2
     2     2     2
     2     2     2
     2     2     2
     2     2     2
     2     2     2
     3     2     0
     2     2     2
     2     2     2
     3     2     0
     2     2     2
     2     2     2
     2     2     2
     2     2     2
     2     2     2
     2     2     2
     2     2     2
     2     2     2
     2     2     2
     2     2     2
     2     2     2
     3     3     3
     3     3     3
     3     3     3
     3     3     3
     3     3     3
     3     3     3
     3     3     3
     3     3     3
     3     3     3
     3     3     3
     3     3     3
     3     3     3
     3     3     3
     3     3     3
     3     3     3
     3     3     3
     3     3     3
     3     3     3
     3     3     3
     3     3     3
     3     3     3
     3     3     3
     3     3     3
     3     3     3
     3     3     3
     3     3     3
     3     3     3
     3     3     3
     3     3     3
     3     3     3
     3     3     3
     2     3     0
     3     3     3
     3     3     3
     3     3     3
     3     3     3
     3     3     3
     3     3     3
     3     3     3
     3     3     3
     4     4     4
     4     4     4
     4     4     4
     4     4     4
     4     4     4
     4     4     4
     3     4     0
     3     4     3
     4     4     4
     4     4     4
     4     4     4
     4     4     4
     4     4     4
     4     4     4
     4     4     4
     4     4     4
     4     4     4
     4     4     4
     4     4     4
     4     4     4
     4     4     4
     4     4     4
     4     4     4
     4     4     4
     4     4     4
     4     4     4
     4     4     4
     4     4     4
     4     4     4
     4     4     4
     4     4     4
     4     4     4
     4     4     4
     4     4     4
     4     4     4
     4     4     4
     4     4     4
     4     4     4
     4     4     4
     4     4     4
     5     5     5
     5     5     5
     5     5     5
     5     5     5
     5     5     5
     5     5     5
     5     5     5
     5     5     5
     5     5     5
     5     5     5
     5     5     5
     5     5     5
     5     5     5
     5     5     5
     5     5     5
     5     5     5
     5     5     5
     5     5     5
     5     5     5
     5     5     5
     5     5     5
     5     5     5
     5     5     5
     6     5     0
     5     5     5
     5     5     5
     5     5     5
     5     5     5
     5     5     5
     5     5     5
     5     5     5
     5     5     5
     5     5     5
     5     5     5
     5     5     5
     5     5     5
     5     5     5
     5     5     5
     5     5     5
     5     5     5
     6     6     6
     6     6     6
     6     6     6
     6     6     6
     6     6     6
     6     6     6
     6     6     6
     7     6     0
     6     6     6
     6     6     6
     6     6     6
     6     6     6
     6     6     6
     6     6     6
     6     6     6
     6     6     6
     6     6     6
     6     6     6
     6     6     6
     6     6     6
     6     6     6
     6     6     6
     6     6     6
     6     6     6
     6     6     6
     6     6     6
     6     6     6
     6     6     6
     6     6     6
     6     6     6
     6     6     6
     6     6     6
     6     6     6
     6     6     6
     6     6     6
     6     6     6
     6     6     6
     6     6     6
     6     6     6
     6     6     6
     7     7     7
     7     7     7
     7     7     7
     7     7     7
     7     7     7
     6     7     6
     7     7     7
     7     7     7
     7     7     7
     7     7     7
     7     7     7
     7     7     7
     7     7     7
     7     7     7
     7     7     7
     7     7     7
     7     7     7
     7     7     7
     7     7     7
     7     7     7
     7     7     7
     7     7     7
     7     7     7
     7     7     7
     7     7     7
     7     7     7
     7     7     7
     7     7     7
     7     7     7
     7     7     7
     7     7     7
     7     7     7
     7     7     7
     6     7     0
     7     7     7
     7     7     7
     7     7     7
     7     7     7
     7     7     7
     7     7     7
     8     8     8
     8     8     8
     8     8     8
     8     8     8
     8     8     8
     8     8     8
     7     8     0
     8     8     8
     8     8     8
     8     8     8
     8     8     8
     8     8     8
     8     8     8
     8     8     8
     8     8     8
     8     8     8
     8     8     8
     8     8     8
     8     8     8
     8     8     8
     8     8     8
     8     8     8
     8     8     8
     8     8     8
     8     8     8
     8     8     8
     8     8     8
     8     8     8
     8     8     8
     8     8     8
     8     8     8
     8     8     8
     8     8     8
     8     8     8
     8     8     8
     8     8     8
     8     8     8
     8     8     8
     8     8     8
     8     8     8
     9     9     9
     9     9     9
     9     9     9
     9     9     9
     9     9     9
     9     9     9
     9     9     9
     9     9     9
     9     9     9
     9     9     9
     9     9     9
     9     9     9
     9     9     9
     9     9     9
     9     9     9
     9     9     9
     9     9     9
     9     9     9
     9     9     9
     9     9     9
     9     9     9
     8     9     0
     9     9     9
     9     9     9
     9     9     9
     9     9     9
     9     9     9
     9     9     9
     9     9     9
     9     9     9
     9     9     9
     9     9     9
     9     9     9
     9     9     9
     9     9     9
     9     9     9
     9     9     9
     9     9     9
     9     9     9
     9     9     9
    10    10    10
    10    10    10
    10    10    10
    10    10    10
    10    10    10
    10    10    10
    10    10    10
    10    10    10
    10    10    10
    10    10    10
    10    10    10
    10    10    10
    10    10    10
    10    10    10
    10    10    10
    10    10    10
    10    10    10
    10    10    10
    10    10    10
    10    10    10
    10    10    10
    10    10    10
    10    10    10
    10    10    10
    10    10    10
    10    10    10
    10    10    10
    10    10    10
    10    10    10
    10    10    10
    10    10    10
    10    10    10
    10    10    10
    10    10    10
    10    10    10
    10    10    10
    10    10    10
    10    10    10
    10    10    10
    10    10    10
    11    11    11
    11    11    11
    11    11    11
    11    11    11
    11    11    11
    11    11    11
    11    11    11
    11    11    11
    11    11    11
    11    11    11
    11    11    11
    11    11    11
    11    11    11
    11    11    11
    11    11    11
    11    11    11
    11    11    11
    11    11    11
    11    11    11
    11    11    11
    11    11    11
    11    11    11
    11    11    11
    11    11    11
    11    11    11
    11    11    11
    11    11    11
    11    11    11
    11    11    11
    11    11    11
    11    11    11
    11    11    11
    11    11    11
    11    11    11
    11    11    11
    11    11    11
    11    11    11
    11    11    11
    11    11    11
    11    11    11
    12    12    12
    12    12    12
    12    12    12
    12    12    12
    12    12    12
    12    12    12
    12    12    12
    12    12    12
    12    12    12
    12    12    12
    12    12    12
    12    12    12
    12    12    12
    12    12    12
    12    12    12
    12    12    12
    12    12    12
    12    12    12
    12    12    12
    12    12    12
    12    12    12
    12    12    12
    12    12    12
    12    12    12
    12    12    12
    12    12    12
    12    12    12
    12    12    12
    12    12    12
    12    12    12
    12    12    12
    12    12    12
    12    12    12
    12    12    12
    12    12    12
    12    12    12
    12    12    12
    12    12    12
    12    12    12
    13    12     0
    13    13    13
    13    13    13
    13    13    13
    13    13    13
    13    13    13
    13    13    13
    13    13    13
    13    13    13
    13    13    13
    13    13    13
    13    13    13
    13    13    13
    13    13    13
    13    13    13
    13    13    13
    13    13    13
    13    13    13
    13    13    13
    13    13    13
    13    13    13
    13    13    13
    13    13    13
    13    13    13
    13    13    13
    13    13    13
    12    13     0
    13    13    13
    13    13    13
    13    13    13
    13    13    13
    13    13    13
    13    13    13
    13    13    13
    13    13    13
    13    13    13
    13    13    13
    13    13    13
    13    13    13
    13    13    13
    13    13    13
    14    14    14
    14    14    14
    14    14    14
    14    14    14
    14    14    14
    14    14    14
    14    14    14
    14    14    14
    14    14    14
    14    14    14
    14    14    14
    14    14    14
    14    14    14
    14    14    14
    14    14    14
    14    14    14
    14    14    14
    14    14    14
    14    14    14
    14    14    14
    14    14    14
    14    14    14
    14    14    14
    14    14    14
    14    14    14
    14    14    14
    14    14    14
    14    14    14
    14    14    14
    14    14    14
    15    14     0
    14    14    14
    14    14    14
    14    14    14
    14    14    14
    14    14    14
    14    14    14
    14    14    14
    14    14    14
    14    14    14
    14    15     0
    15    15    15
    15    15    15
    15    15    15
    15    15    15
    15    15    15
    15    15    15
    15    15    15
    15    15    15
    14    15     0
    15    15    15
    15    15    15
    15    15    15
    15    15    15
    15    15    15
    15    15    15
    15    15    15
    15    15    15
    15    15    15
    14    15     0
    15    15    15
    15    15    15
    15    15    15
    15    15    15
    15    15    15
    15    15    15
    15    15    15
    15    15    15
    15    15    15
    14    15     0
    15    15    15
    15    15    15
    15    15    15
    15    15    15
    15    15    15
    15    15    15
    15    15    15
    15    15    15
    15    15    15
    15    15    15