     9     1     9
     9     1     9
     9     1     9
     9     1     9
     9     1     9
     9     1     9
     9     1     9
     9     1     9
     9     1     9
     9     1     9
     9     1     9
     9     1     9
     9     1     9
     9     1     9
     9     1     9
     9     1     9
     9     1     9
     9     1     9
     9     1     9
     9     1     9
     9     1     9
     9     1     9
     9     1     9
     9     1     9
     9     1     9
     9     1     9
     9     1     9
     9     1     9
     9     1     9
     9     1     9
     9     1     9
     9     1     9
     9     1     9
     9     1     9
     9     1     9
     9     1     9
     9     1     9
     9     1     9
     9     1     9
     9     1     9
     3     2     3
     3     2     3
     3     2     3
     3     2     3
     3     2     3
     3     2     3
     3     2     3
     3     2     3
     3     2     3
     3     2     3
     3     2     3
     1     2     3
     3     2     3
     3     2     3
     3     2     3
     3     2     3
     3     2     3
     3     2     3
     3     2     3
     3     2     3
     3     2     3
     3     2     3
     3     2     3
     3     2     3
     3     2     3
     1     2     3
     3     2     3
     3     2     3
     1     2     3
     3     2     3
     3     2     3
     3     2     3
     3     2     3
     3     2     3
     3     2     3
     3     2     3
     3     2     3
     3     2     3
     3     2     3
     3     2     3
     1     3     1
     1     3     1
     1     3     1
     1     3     1
     1     3     1
     1     3     1
     1     3     1
     1     3     1
     1     3     1
     1     3     1
     1     3     1
     1     3     1
     1     3     1
     1     3     1
     1     3     1
     1     3     1
     1     3     1
     1     3     1
     1     3     1
     1     3     1
     1     3     1
     1     3     1
     1     3     1
     1     3     1
     1     3     1
     1     3     1
     1     3     1
     1     3     1
     1     3     1
     1     3     1
     1     3     1
     1     3     1
     1     3     1
     1     3     1
     1     3     1
     1     3     1
     1     3     1
     1     3     1
     1     3     1
     1     3     1
     5     4     4
     4     4     4
     4     4     4
     5     4     4
     4     4     4
     5     4     4
     4     4     4
     1     4     4
     5     4     4
     4     4     4
     4     4     4
     5     4     4
     4     4     4
     4     4     4
     5     4     4
     5     4     4
     4     4     4
     5     4     4
     5     4     4
     5     4     4
     4     4     4
     5     4     4
     4     4     4
     4     4     4
     4     4     4
     5     4     4
     4     4     4
     5     4     4
     4     4     4
     4     4     4
     5     4     4
     5     4     4
     4     4     4
     5     4     4
     4     4     4
     5     4     4
     5     4     4
     4     4     4
     4     4     4
     5     4     4
    14     5    14
    14     5    14
    14     5    14
    14     5    14
    14     5    14
    14     5    14
    14     5    14
    14     5    14
    14     5    14
    14     5    14
    14     5    14
    14     5    14
    14     5    14
    14     5    14
    14     5    14
    14     5    14
    14     5    14
    14     5    14
    14     5    14
    14     5    14
    14     5    14
    14     5    14
    14     5    14
    14     5    14
    14     5    14
    14     5    14
    14     5    14
    14     5    14
    14     5    14
    14     5    14
    14     5    14
    14     5    14
    14     5    14
    14     5    14
    14     5    14
    14     5    14
    14     5    14
    14     5    14
    14     5    14
    14     5    14
    11     6    11
    11     6    11
    11     6    11
    11     6    11
    11     6    11
    11     6    11
    11     6    11
    11     6    11
    11     6    11
    11     6    11
    11     6    11
    11     6    11
    11     6    11
    11     6    11
    11     6    11
    11     6    11
    11     6    11
    11     6    11
    11     6    11
    11     6    11
    11     6    11
    11     6    11
    11     6    11
    11     6    11
    11     6    11
    11     6    11
    11     6    11
    11     6    11
    11     6    11
    11     6    11
    11     6    11
    11     6    11
    11     6    11
    11     6    11
    11     6    11
    11     6    11
    11     6    11
    11     6    11
    11     6    11
    11     6    11
    10     7    10
    10     7    10
    10     7    10
    10     7    10
    10     7    10
    11     7    10
    10     7    10
    10     7    10
    11     7    10
    10     7    10
    10     7    10
    10     7    10
    10     7    10
    10     7    10
    10     7    10
    10     7    10
    10     7    10
    10     7    10
    10     7    10
    10     7    10
    10     7    10
    10     7    10
    11     7    10
    10     7    10
    10     7    10
    10     7    10
    10     7    10
    10     7    10
    10     7    10
    10     7    10
    10     7    10
    10     7    10
    10     7    10
    10     7    10
    10     7    10
    10     7    10
    10     7    10
    10     7    10
    10     7    10
    10     7    10
     3     8     5
     3     8     5
    10     8     5
    10     8     5
     3     8     5
     3     8     5
    10     8     5
     3     8     5
    10     8     5
    10     8     5
     3     8     5
    10     8     5
    10     8     5
     3     8     5
    10     8     5
    10     8     5
    10     8     5
    10     8     5
    10     8     5
    10     8     5
     3     8     5
    10     8     5
    10     8     5
    10     8     5
    10     8     5
    10     8     5
    10     8     5
    10     8     5
    10     8     5
     3     8     5
     3     8     5
    10     8     5
    10     8     5
     3     8     5
    10     8     5
    10     8     5
    10     8     5
    10     8     5
     3     8     5
    10     8     5
    13     9    13
     7     9    13
     7     9    13
    13     9    13
     7     9    13
     7     9    13
    13     9    13
     7     9    13
    13     9    13
     7     9    13
    13     9    13
     7     9    13
     7     9    13
    13     9    13
    13     9    13
    13     9    13
     7     9    13
     7     9    13
     7     9    13
    13     9    13
    13     9    13
    13     9    13
    13     9    13
     7     9    13
    13     9    13
    13     9    13
    13     9    13
     7     9    13
     7     9    13
     7     9    13
     7     9    13
     7     9    13
    13     9    13
    13     9    13
    13     9    13
    13     9    13
    13     9    13
    13     9    13
     7     9    13
     7     9    13
     2    10     2
     2    10     2
     2    10     2
     2    10     2
     2    10     2
     2    10     2
     2    10     2
     2    10     2
     2    10     2
     2    10     2
     2    10     2
     2    10     2
     2    10     2
     2    10     2
     2    10     2
     2    10     2
     2    10     2
     2    10     2
     2    10     2
     2    10     2
     2    10     2
     2    10     2
     2    10     2
     2    10     2
     2    10     2
     2    10     2
     2    10     2
     2    10     2
     2    10     2
     2    10     2
     2    10     2
     2    10     2
     2    10     2
     2    10     2
     2    10     2
     2    10     2
     2    10     2
     2    10     2
     2    10     2
     2    10     2
    15    11    15
    15    11    15
    15    11    15
    15    11    15
    15    11    15
    15    11    15
    15    11    15
    15    11    15
    15    11    15
    15    11    15
    15    11    15
    15    11    15
    15    11    15
    15    11    15
    15    11    15
    15    11    15
    15    11    15
    15    11    15
    15    11    15
    15    11    15
    15    11    15
    15    11    15
    15    11    15
    15    11    15
    15    11    15
    15    11    15
    15    11    15
    15    11    15
    15    11    15
    15    11    15
    15    11    15
    15    11    15
    15    11    15
    15    11    15
    15    11    15
    15    11    15
    15    11    15
    15    11    15
    15    11    15
    15    11    15
    15    12     7
    15    12     7
    15    12     7
    15    12     7
    15    12     7
    15    12     7
    15    12     7
    15    12     7
    15    12     7
    15    12     7
    15    12     7
    15    12     7
    15    12     7
    15    12     7
    15    12     7
    15    12     7
    15    12     7
    15    12     7
    15    12     7
    15    12     7
    15    12     7
    15    12     7
    15    12     7
    15    12     7
    15    12     7
    15    12     7
    15    12     7
    15    12     7
    15    12     7
    15    12     7
    15    12     7
    15    12     7
    15    12     7
    15    12     7
    15    12     7
    15    12     7
    15    12     7
    15    12     7
    15    12     7
    15    12     7
    12    13    12
    12    13    12
    12    13    12
    12    13    12
    12    13    12
    12    13    12
    12    13    12
    12    13    12
    12    13    12
    12    13    12
    12    13    12
    12    13    12
    12    13    12
    12    13    12
    12    13    12
    12    13    12
    12    13    12
    12    13    12
    12    13    12
    12    13    12
    12    13    12
    12    13    12
    12    13    12
    12    13    12
    12    13    12
    12    13    12
    12    13    12
    12    13    12
    12    13    12
    12    13    12
    12    13    12
    12    13    12
    12    13    12
    12    13    12
    12    13    12
    12    13    12
    12    13    12
    12    13    12
    12    13    12
    12    13    12
     8    14     8
     8    14     8
     8    14     8
     8    14     8
     8    14     8
     8    14     8
     8    14     8
     8    14     8
     8    14     8
     8    14     8
     8    14     8
     8    14     8
     8    14     8
     8    14     8
     8    14     8
     8    14     8
     8    14     8
     8    14     8
     8    14     8
     8    14     8
     8    14     8
     8    14     8
     8    14     8
     8    14     8
     8    14     8
     8    14     8
     8    14     8
     8    14     8
     8    14     8
     8    14     8
     8    14     8
     8    14     8
     8    14     8
     8    14     8
     8    14     8
     8    14     8
     8    14     8
     8    14     8
     8    14     8
     8    14     8
     6    15     6
     6    15     6
     6    15     6
     6    15     6
     6    15     6
     6    15     6
     6    15     6
     6    15     6
     6    15     6
     6    15     6
     6    15     6
     6    15     6
     6    15     6
     6    15     6
     6    15     6
     6    15     6
     6    15     6
     6    15     6
     6    15     6
     6    15     6
     6    15     6
     6    15     6
     6    15     6
     6    15     6
     6    15     6
     6    15     6
     6    15     6
     6    15     6
     6    15     6
     6    15     6
     6    15     6
     6    15     6
     6    15     6
     6    15     6
     6    15     6
     6    15     6
     6    15     6
     6    15     6
     6    15     6
     6    15     6