1 9 0
2 9 9
3 9 0
4 3 0
5 3 0
6 9 9
7 3 0
8 12 12
9 1 1
10 9 0
11 9 9
12 9 9
13 9 9
14 2 2
15 3 0
16 12 12
17 3 0
18 9 9
19 3 0
20 3 0
21 3 0
22 9 9
23 9 0
24 9 9
25 3 0
26 3 0
27 9 9
28 3 0
29 3 0
30 9 9
31 9 0
32 3 0
33 3 3
34 9 0
35 9 9
36 3 0
37 9 9
38 9 9
39 9 9
40 3 0
41 3 0
42 9 9
43 9 0
44 3 0
45 9 9
46 9 0
47 9 9
48 9 9
49 9 9
50 12 12
51 3 0
52 3 0
53 9 0
54 3 0
55 3 0
56 9 9
57 3 0
58 3 0
59 9 9
60 3 0
61 12 12
62 9 9
63 9 0
64 3 0
65 9 9
66 9 9
67 9 9
68 9 9
69 3 3
70 3 0
71 3 0
72 3 0
73 9 9
74 3 0
75 9 9
76 8 8
77 9 0
78 9 9
79 12 12
80 9 9
81 9 0
82 12 12
83 3 0
84 9 9
85 9 0
86 3 0
87 9 0
88 3 0
89 3 0
90 9 9
91 9 9
92 3 0
93 3 0
94 9 9
95 3 0
96 3 0
97 9 9
98 3 0
99 3 0
100 3 0
101 9 9
102 9 9
103 9 9
104 3 3
105 9 9
106 3 0
107 9 0
108 3 0
109 9 0
110 3 0
111 3 0
112 4 4
113 3 0
114 9 9
115 3 0
116 9 9
117 9 9
118 9 9
119 9 9
120 3 3
121 3 0
122 9 9
123 3 0
124 9 9
125 9 9
126 3 0
127 3 0
128 3 0
129 3 0
130 9 9
131 3 0
132 9 9
133 3 0
134 9 9
135 3 3
136 3 0
137 3 0
138 3 0
139 9 9
140 3 0
141 9 9
142 9 9
143 3 0
144 9 9
145 3 0
146 9 0
147 9 0
148 3 0
149 9 9
150 9 9
151 3 0
152 9 9
153 3 0
154 4 4
155 9 0
156 9 0
157 3 0
158 3 0
159 3 3
160 3 0
161 9 0
162 3 0
163 3 0
164 9 9
165 9 9
166 3 0
167 9 0
168 9 9
169 9 9
170 3 0
171 9 9
172 3 0
173 12 12
174 3 0
175 3 0
176 3 0
177 9 9
178 3 0
179 9 9
180 9 9
181 9 9
182 3 0
183 8 8
184 9 9
185 9 9
186 9 0
187 4 4
188 3 0
189 3 0
190 3 0
191 9 9
192 3 0
193 9 9
194 12 12
195 9 0
196 3 0
197 9 9
198 3 0
199 3 0
200 3 0
201 9 9
202 9 9
203 9 9
204 3 3
205 3 0
206 9 9
207 3 0
208 9 0
209 3 0
210 9 0
211 9 9
212 9 0
213 9 0
214 3 0
215 3 0
216 3 0
217 3 0
218 3 0
219 9 9
220 9 9
221 4 4
222 9 0
223 12 12
224 3 0
225 3 3
226 3 3
227 9 9
228 9 0
229 5 5
230 3 0
231 9 9
232 3 0
233 3 0
234 9 9
235 3 0
236 9 9
237 3 0
238 9 0
239 9 0
240 9 9
241 9 9
242 3 0
243 9 9
244 3 0
245 3 0
246 9 0
247 9 9
248 6 6
249 3 0
250 9 9
251 9 9
252 9 9
253 3 3
254 9 9
255 3 0
256 9 9
257 9 9
258 9 9
259 3 0
260 3 0
261 3 0
262 12 12
263 9 9
264 9 9
265 9 9
266 3 0
267 12 12
268 9 9
269 9 9
270 12 12
271 9 9
272 3 0
273 9 9
274 3 0
275 9 9
276 3 0
277 9 9
278 3 0
279 9 9
280 3 0
281 9 9
282 3 0
283 3 0
284 9 9
285 9 9
286 3 0
287 7 7
288 3 0
289 3 0
290 3 0
291 3 0
292 3 0
293 3 0
294 3 0
295 9 0
296 3 0
297 3 0
298 3 0
299 3 0
300 9 9
301 12 12
302 3 0
303 3 0
304 9 0
305 9 9
306 3 0
307 3 0
308 3 0
309 3 0
310 3 0
311 9 9
312 3 0
313 3 0
314 3 0
315 9 9
316 3 0
317 3 0
318 9 0
319 3 0
320 9 0
321 3 0
322 9 9
323 9 9
324 9 0
325 9 9
326 3 0
327 3 0
328 9 9
329 3 0
330 3 0
331 9 9
332 3 3
333 12 12
334 9 9
335 3 3
336 3 0
337 12 12
338 9 9
339 3 0
340 9 9
341 3 0
342 3 0
343 8 8
344 9 9
345 9 9
346 3 0
347 3 0
348 12 12
349 3 0
350 8 8
351 9 9
352 9 9
353 9 0
354 3 3
355 9 9
356 9 9
357 3 0
358 12 12
359 3 0
360 3 0
361 3 0
362 9 9
363 9 0
364 9 0
365 3 0
366 3 0
367 9 9
368 9 9
369 3 0
370 3 0
371 4 4
372 3 0
373 3 0
374 3 0
375 3 0
376 3 0
377 3 0
378 3 0
379 9 9
380 3 0
381 3 0
382 9 9
383 3 0
384 3 3
385 3 0
386 3 0
387 9 9
388 9 0
389 3 0
390 3 0
391 3 0
392 9 9
393 3 0
394 3 0
395 9 9
396 3 0
397 3 0
398 9 9
399 9 9
400 9 0
401 9 9
402 9 9
403 3 0
404 9 9
405 9 9
406 3 0
407 9 9
408 9 9
409 9 0
410 7 7
411 9 0
412 3 0
413 3 0
414 3 0
415 3 0
416 4 4
417 9 9
418 9 9
419 9 9
420 3 0
421 3 0
422 3 0
423 3 0
424 9 9
425 3 0
426 3 0
427 12 12
428 3 0
429 3 0
430 3 0
431 12 12
432 3 0
433 3 0
434 9 9
435 9 9
436 12 12
437 9 9
438 9 9
439 9 9
440 9 9
441 9 0
442 3 3
443 3 0
444 9 9
445 9 9
446 9 0
447 3 0
448 3 0
449 3 0
450 3 0
451 3 0
452 9 9
453 3 0
454 12 12
455 3 0
456 9 0
457 9 0
458 3 0
459 3 0
460 3 0
461 3 0
462 9 9
463 3 0
464 9 9
465 9 9
466 3 0
467 3 0
468 3 0
469 12 12
470 3 0
471 9 0
472 9 9
473 9 9
474 9 9
475 9 9
476 9 0
477 3 0
478 3 0
479 3 0
480 9 0
481 3 0
482 9 9
483 3 3
484 3 0
485 12 12
486 3 0
487 4 4
488 3 0
489 9 9
490 9 0
491 3 3
492 9 9
493 9 9
494 3 0
495 12 12
496 9 0
497 9 9
498 3 0
499 3 0
500 3 0
501 3 0
502 9 9
503 8 8
504 3 0
505 9 9
506 9 9
507 3 0
508 3 0
509 3 0
510 9 9
511 9 9
512 3 0
513 9 0
514 9 9
515 3 0
516 3 0
517 3 0
518 9 9
519 9 9
520 3 0
521 3 0
522 3 0
523 12 12
524 9 9
525 9 9
526 9 9
527 3 0
528 3 0
529 3 0
530 9 9
531 3 0
532 9 9
533 3 0
534 12 12
535 3 0
536 12 12
537 9 9
538 9 0
539 3 0
540 3 0
541 3 0
542 3 0
543 9 0
544 3 0
545 3 0
546 3 0
547 3 0
548 3 0
549 3 0
550 9 0
551 9 9
552 3 0
553 9 9
554 3 3
555 3 0
556 3 0
557 9 9
558 9 9
559 9 0
560 9 9
561 9 9
562 3 0
563 3 0
564 3 3
565 9 9
566 3 0
567 9 0
568 3 0
569 3 0
570 3 0
571 9 9
572 9 9
573 3 0
574 3 0
575 3 0
576 3 0
577 3 0
578 9 9
579 9 9
580 10 10
581 9 0
582 9 9
583 9 0
584 9 9
585 11 11
586 9 9
587 9 9
588 9 9
589 3 0
590 12 12
591 9 9
592 3 0
593 9 9
594 3 0
595 3 0
596 3 0
597 9 0
598 3 0
599 9 9
600 3 0
601 9 9
602 12 12
603 9 9
604 3 0
605 12 12
606 9 9
607 3 0
608 3 3
609 3 0
610 3 0
611 3 0
612 3 0
613 3 0
614 9 9
615 3 0
616 9 9
617 9 9
618 9 0
619 9 9
620 12 12
621 3 0
622 9 9
623 9 0
624 3 0
625 9 9
626 3 0
627 9 9
628 9 9
629 9 9
630 9 9
631 9 9
632 3 0
633 9 9
634 3 0
635 9 9
636 9 9
637 9 9
638 3 0
639 3 0
640 3 3
641 3 0
642 9 9
643 9 9
644 12 12
645 3 0
646 4 4
647 3 0
648 3 0
649 3 0
650 9 9
651 3 0
652 3 0
653 3 0
654 9 9
655 3 0
656 7 7
657 3 0
658 3 0
659 9 0
660 3 0
661 9 9
662 9 0
663 3 0
664 3 0
665 9 9
666 3 0
667 9 0
668 9 9
669 3 0
670 3 0
671 3 0
672 9 9
673 3 0
674 3 0
675 9 0
676 9 0
677 9 9
678 9 9
679 9 9
680 3 0
681 3 0
682 9 0
683 3 0
684 9 9
685 9 0
686 3 0
687 9 9
688 9 9
689 3 0
690 3 0
691 9 9
692 9 0
693 3 0
694 3 0
695 9 9
696 4 4
697 3 0
698 12 12
699 3 0
700 9 9
701 3 0
702 9 9
703 9 0
704 12 12
705 3 0
706 9 9
707 12 12
708 3 0
709 9 9
710 3 0
711 3 0
712 9 0
713 9 0
714 3 0
715 9 9
716 3 0
717 3 0
718 9 0
719 3 0
720 9 9
721 9 9
722 3 0
723 3 0
724 3 0
725 9 9
726 9 9
727 3 0
728 9 0
729 9 0
730 9 9
731 3 0
732 9 9
733 3 0
734 3 0
735 9 9
736 9 9
737 3 0
738 9 9
739 3 0
740 9 9
741 3 0
742 3 0
743 3 0
744 9 9
745 3 0
746 3 0
747 9 0
748 3 0
749 3 0
750 9 9
751 9 9
752 3 0
753 9 9
754 4 4
755 9 0
756 3 0
757 9 0
758 9 9
759 9 9
760 9 0
761 9 9
762 9 0
763 9 9
764 3 0
765 9 9
766 3 0
767 9 9
768 9 9
