1 4 0
2 3 0
3 5 0
4 3 0
5 2 2
6 5 0
7 1 0
8 1 0
9 6 0
10 6 0
11 5 0
12 5 0
13 3 0
14 3 0
15 8 0
16 1 0
17 6 0
18 4 0
19 5 0
20 5 0
21 5 0
22 3 0
23 8 0
24 1 0
25 6 0
26 5 0
27 5 0
28 5 0
29 5 0
30 1 0
31 1 0
32 6 0
33 4 0
34 5 0
35 5 0
36 5 0
37 8 0
38 8 0
39 1 0
40 6 0
41 5 0
42 5 0
43 5 0
44 5 0
45 1 0
46 1 0
47 6 0
48 4 0
49 5 0
50 5 0
51 5 0
52 8 0
53 8 0
54 1 0
55 6 0
56 5 0
57 5 0
58 5 0
59 5 0
60 1 0
61 1 0
62 6 0
63 4 0
64 5 0
65 5 0
66 5 0
67 3 0
68 8 0
69 1 0
70 6 6
71 4 0
72 4 0
73 4 0
74 5 0
75 8 0
76 8 0
77 6 0
78 6 0
79 5 0
80 5 0
81 5 0
82 5 0
83 8 0
84 1 0
85 6 6
86 4 0
87 5 0
88 5 0
89 5 0
90 3 0
91 8 0
92 1 0
93 6 0
94 4 0
95 4 0
96 4 0
97 5 0
98 2 0
99 8 0
100 1 0
101 6 0
102 4 0
103 4 0
104 4 0
105 5 0
106 2 0
107 8 0
108 1 0
109 6 0
110 4 0
111 5 0
112 4 0
113 5 0
114 2 0
115 2 0
116 1 0
117 6 0
118 4 0
119 5 0
120 5 0
121 5 0
122 3 0
123 8 0
124 1 0
125 1 0
126 6 0
127 6 0
128 5 0
129 5 0
130 5 0
131 3 0
132 8 0
133 1 0
134 1 0
135 1 0
136 4 0
137 4 0
138 5 0
139 5 0
140 5 0
141 8 0
142 8 0
143 6 0
144 6 0
145 5 0
146 5 0
147 5 0
148 8 0
149 8 0
150 6 0
151 6 0
152 5 0
153 5 0
154 5 0
155 8 0
156 8 0
157 5 0
158 6 0
159 5 0
160 5 0
161 5 0
162 5 0
163 1 0
164 1 0
165 6 0
166 5 0
167 4 0
168 5 0
169 5 0
170 1 0
171 1 0
172 5 0
173 5 0
174 4 0
175 5 0
176 5 0
177 1 0
178 1 0
179 6 0
180 6 0
181 5 0
182 5 0
183 5 0
184 8 0
185 8 0
186 6 0
187 6 0
188 5 0
189 5 0
190 5 0
191 5 0
192 8 0
193 1 0
194 6 0
195 5 0
196 5 0
197 5 0
198 5 0
199 1 0
200 1 0
201 6 0
202 5 0
203 4 0
204 5 0
205 5 0
206 1 0
207 1 0
208 6 0
209 6 0
210 5 0
211 5 0
212 5 0
213 8 0
214 8 0
215 6 0
216 6 0
217 5 0
218 4 0
219 5 0
220 5 0
221 1 0
222 1 0
223 6 0
224 6 0
225 4 0
226 5 0
227 5 0
228 8 0
229 8 0
230 6 0
231 6 0
232 5 0
233 5 0
234 5 0
235 8 0
236 8 0
237 6 0
238 6 0
239 5 0
240 5 0
241 5 0
242 5 0
243 1 0
244 1 0
245 4 0
246 4 0
247 5 0
248 5 0
249 5 0
250 8 0
251 8 0
252 6 0
253 6 0
254 5 0
255 5 0
256 5 0
257 5 0
258 1 0
259 1 0
260 6 0
261 4 0
262 5 0
263 5 0
264 5 0
265 8 0
266 8 0
267 6 0
268 6 0
269 5 0
270 5 0
271 5 0
272 5 0
273 1 0
274 1 0
275 6 0
276 4 0
277 4 0
278 5 0
279 5 0
280 8 0
281 8 0
282 6 0
283 6 0
284 5 0
285 5 0
286 5 0
287 5 0
288 1 0
289 1 0
290 6 0
291 4 0
292 5 0
293 5 0
294 5 0
295 8 0
296 8 0
297 1 0
298 6 0
299 5 0
300 5 0
301 5 0
302 5 0
303 8 0
304 8 0
305 6 0
306 6 0
307 5 0
308 5 0
309 5 0
310 5 0
311 8 0
312 1 0
313 6 0
314 4 0
315 5 0
316 5 0
317 5 0
318 3 0
319 8 0
320 1 0
321 6 0
322 4 0
323 4 0
324 4 0
325 5 0
326 2 0
327 8 0
328 1 0
329 6 0
330 4 0
331 4 0
332 4 0
333 5 0
334 2 0
335 8 0
336 1 1
337 6 0
338 4 0
339 5 0
340 4 0
341 5 0
342 2 0
343 2 2
344 1 1
345 6 0
346 4 0
347 5 0
348 5 0
349 5 0
350 3 3
351 2 2
352 1 0
353 1 0
354 6 0
355 4 0
356 5 0
357 3 0
358 5 0
359 3 3
360 2 0
361 1 0
362 1 0
363 1 0
364 4 0
365 4 4
366 5 5
367 5 0
368 5 0
369 8 0
370 8 0
371 5 0
372 6 6
373 5 5
374 5 0
375 5 0
376 5 0
377 8 0
378 5 0
379 6 0
380 5 0
381 5 0
382 5 0
383 5 0
384 8 0
385 5 0
386 6 0
387 5 0
388 5 0
389 5 0
390 5 0
391 1 0
392 1 0
393 6 0
394 5 0
395 4 0
396 4 0
397 5 0
398 1 0
399 1 0
400 5 0
401 5 0
402 4 0
403 5 0
404 5 0
405 1 0
406 1 0
407 6 0
408 6 0
409 5 0
410 5 0
411 5 0
412 8 0
413 8 0
414 6 0
415 6 0
416 5 0
417 5 0
418 5 0
419 5 0
420 8 0
421 1 0
422 6 0
423 5 0
424 5 0
425 5 0
426 5 0
427 1 0
428 1 0
429 6 0
430 6 0
431 4 0
432 5 0
433 5 0
434 1 0
435 1 0
436 6 0
437 6 0
438 5 0
439 5 0
440 5 0
441 8 0
442 8 0
443 6 0
444 6 0
445 5 0
446 5 0
447 5 0
448 5 0
449 8 0
450 1 0
451 6 0
452 5 0
453 4 0
454 5 0
455 5 0
456 1 0
457 1 0
458 6 0
459 6 0
460 5 0
461 5 0
462 5 0
463 8 0
464 8 0
465 6 0
466 6 0
467 5 0
468 5 0
469 5 0
470 5 0
471 1 0
472 1 0
473 6 0
474 6 0
475 4 0
476 5 0
477 5 0
478 8 0
479 8 0
480 6 0
481 6 0
482 5 0
483 5 0
484 5 0
485 8 0
486 8 0
487 1 0
488 6 0
489 5 0
490 5 0
491 5 0
492 5 0
493 1 0
494 1 0
495 6 0
496 4 0
497 5 0
498 5 0
499 5 0
500 3 0
501 8 0
502 1 0
503 6 0
504 5 0
505 5 0
506 5 0
507 5 0
508 1 0
509 1 0
510 6 0
511 4 0
512 5 0
513 5 0
514 5 0
515 3 0
516 8 0
517 1 0
518 6 0
519 5 0
520 5 0
521 5 0
522 5 0
523 8 0
524 8 0
525 6 0
526 6 0
527 5 0
528 5 0
529 5 0
530 3 0
531 8 0
532 1 0
533 6 0
534 4 0
535 4 0
536 5 0
537 5 0
538 8 0
539 8 0
540 1 0
541 6 0
542 5 0
543 5 0
544 5 0
545 5 0
546 8 0
547 1 0
548 6 0
549 6 0
550 5 0
551 5 0
552 5 0
553 5 0
554 8 0
555 1 0
556 6 0
557 6 0
558 5 0
559 5 0
560 5 0
561 8 0
562 8 0
563 1 0
564 6 0
565 6 0
566 5 0
567 5 0
568 5 0
569 3 0
570 8 0
571 1 0
572 6 0
573 6 0
574 3 0
575 5 0
576 5 0
577 3 0
578 2 0
579 1 0
580 1 0
581 4 0
582 4 0
583 5 0
584 8 0
585 5 0
586 2 0
587 5 0
588 1 0
589 1 0
590 6 0
591 6 0
592 5 0
593 5 0
594 5 0
595 2 0
596 2 0
597 1 0
598 1 0
599 6 0
600 4 0
601 5 0
602 5 0
603 5 0
604 5 0
605 8 0
606 1 0
607 6 0
608 5 0
609 5 0
610 5 0
611 5 0
612 1 0
613 1 0
614 6 0
615 5 0
616 4 0
617 5 0
618 5 0
619 1 0
620 1 0
621 6 0
622 6 0
623 4 0
624 5 0
625 5 0
626 1 0
627 1 0
628 6 0
629 6 0
630 5 0
631 5 0
632 5 0
633 5 0
634 8 0
635 1 0
636 6 0
637 5 0
638 5 0
639 5 0
640 5 0
641 1 0
642 1 0
643 6 0
644 6 0
645 4 0
646 5 0
647 5 0
648 1 0
649 1 0
650 6 0
651 6 0
652 5 0
653 5 0
654 5 0
655 8 0
656 8 0
657 6 0
658 6 0
659 5 0
660 4 0
661 5 0
662 5 0
663 1 0
664 1 0
665 6 0
666 6 0
667 4 0
668 5 0
669 5 0
670 8 0
671 8 0
672 6 0
673 6 0
674 5 0
675 5 0
676 5 0
677 8 0
678 8 0
679 6 0
680 6 0
681 5 0
682 5 0
683 5 0
684 5 0
685 1 0
686 1 0
687 4 0
688 4 0
689 5 0
690 5 0
691 5 0
692 8 0
693 8 0
694 6 0
695 6 0
696 5 0
697 5 0
698 5 0
699 5 0
700 1 0
701 1 0
702 4 0
703 4 0
704 5 0
705 5 0
706 5 0
707 8 0
708 8 0
709 6 0
710 6 0
711 5 0
712 5 0
713 5 0
714 5 0
715 1 0
716 1 0
717 6 0
718 4 0
719 5 0
720 5 0
721 5 0
722 8 0
723 8 0
724 1 0
725 6 0
726 5 0
727 5 0
728 5 0
729 5 0
730 8 0
731 1 0
732 6 0
733 6 0
734 5 0
735 5 0
736 5 0
737 8 0
738 8 0
739 1 0
740 6 0
741 4 0
742 4 0
743 5 0
744 5 0
745 8 0
746 8 0
747 6 0
748 6 0
749 5 0
750 5 0
751 5 0
752 5 0
753 8 0
754 8 0
755 6 0
756 6 0
757 5 0
758 5 0
759 5 0
760 5 0
761 8 0
762 1 0
763 6 0
764 4 0
765 5 0
766 5 0
767 5 0
768 3 0
769 8 0
770 1 0
771 6 0
772 6 0
773 5 0
774 5 0
775 5 0
776 3 0
777 8 0
778 1 0
779 6 0
780 6 0
781 4 0
782 5 0
783 8 0
784 5 0
785 2 0
786 5 0
787 1 0
788 6 0
789 4 0
790 4 0
791 3 0
792 5 0
793 3 0
794 2 0
795 5 0
796 1 0
797 1 0
798 6 0
799 5 0
800 5 0
801 5 0
802 5 0
803 5 0
804 1 0
805 5 0
806 6 0
807 5 0
808 5 0
809 5 0
810 5 0
811 1 0
812 1 0
813 6 0
814 5 0
815 4 0
816 4 0
817 5 0
818 1 0
819 7 0
820 5 0
821 5 0
822 4 0
823 4 0
824 5 0
825 1 0
826 1 0
827 5 0
828 5 0
829 4 0
830 5 0
831 5 0
832 1 0
833 1 0
834 5 0
835 5 0
836 5 0
837 5 0
838 5 0
839 8 0
840 8 0
841 6 0
842 6 0
843 5 0
844 5 0
845 5 0
846 5 0
847 8 0
848 5 0
849 6 0
850 5 0
851 5 0
852 5 0
853 5 0
854 1 0
855 1 0
856 6 0
857 5 0
858 4 0
859 4 0
860 5 0
861 1 0
862 1 0
863 5 0
864 5 0
865 4 0
866 5 0
867 5 0
868 1 0
869 1 0
870 6 0
871 6 0
872 5 0
873 5 0
874 5 0
875 8 0
876 8 0
877 5 0
878 6 0
879 5 0
880 5 0
881 5 0
882 5 0
883 1 0
884 1 0
885 6 0
886 6 0
887 4 0
888 5 0
889 5 0
890 1 0
891 8 0
892 6 0
893 6 0
894 5 0
895 5 0
896 5 0
897 8 0
898 8 0
899 6 0
900 6 0
901 5 0
902 5 5
903 5 0
904 5 0
905 1 0
906 1 0
907 6 0
908 6 0
909 4 0
910 5 0
911 5 0
912 8 0
913 1 0
914 6 0
915 6 0
916 5 0
917 5 0
918 5 0
919 8 0
920 8 0
921 1 0
922 6 0
923 5 0
924 5 0
925 5 0
926 5 0
927 1 0
928 1 0
929 4 0
930 4 0
931 5 0
932 5 0
933 5 0
934 8 0
935 8 0
936 6 0
937 6 0
938 5 0
939 5 0
940 5 0
941 5 0
942 1 0
943 1 0
944 6 0
945 4 0
946 5 0
947 5 0
948 5 0
949 8 0
950 8 0
951 6 0
952 6 0
953 5 0
954 5 0
955 5 0
956 5 0
957 1 0
958 1 0
959 6 0
960 4 0
961 5 0
962 5 0
963 5 0
964 8 0
965 8 0
966 6 0
967 6 0
968 5 0
969 5 0
970 5 0
971 5 0
972 1 0
973 1 0
974 4 0
975 6 0
976 5 0
977 5 0
978 5 0
979 3 0
980 8 0
981 1 0
982 6 0
983 4 0
984 4 0
985 4 0
986 5 0
987 8 0
988 8 0
989 6 0
990 6 0
991 5 0
992 5 0
993 5 0
994 5 0
995 8 0
996 8 0
997 6 0
998 6 0
999 5 0
1000 5 0
1001 5 0
1002 3 0
1003 8 0
1004 1 0
1005 6 0
1006 6 0
1007 5 0
1008 5 0
1009 3 0
1010 3 0
1011 8 0
1012 1 0
1013 6 0
1014 6 0
1015 3 0
1016 5 0
1017 3 0
1018 3 0
1019 8 0
1020 1 0
1021 6 0
1022 4 0
1023 5 0
1024 5 0
1025 5 0
1026 3 0
1027 2 0
1028 1 0
1029 1 0
1030 6 0
1031 6 0
1032 5 0
1033 5 0
1034 3 0
1035 3 0
1036 2 0
1037 1 0
1038 1 0
1039 1 0
1040 1 0
1041 4 0
1042 4 0
1043 4 0
1044 4 0
1045 5 0
1046 7 0
1047 5 0
1048 5 0
1049 7 0
1050 7 0
1051 7 0
1052 7 0
1053 7 0
1054 7 0
1055 5 0
1056 7 0
1057 7 0
1058 7 0
1059 7 0
1060 7 0
1061 7 0
1062 5 0
1063 7 0
1064 7 0
1065 7 0
1066 7 0
1067 7 0
1068 7 0
1069 5 0
1070 5 0
1071 5 0
1072 7 0
1073 7 0
1074 7 0
1075 5 0
1076 5 0
1077 5 0
1078 5 0
1079 7 0
1080 7 0
1081 7 0
1082 5 0
1083 5 0
1084 5 0
1085 5 0
1086 7 0
1087 7 0
1088 7 0
1089 5 0
1090 5 0
1091 5 0
1092 5 0
1093 7 0
1094 7 0
1095 7 0
1096 5 0
1097 5 0
1098 5 0
1099 5 0
1100 7 0
1101 7 0
1102 7 0
1103 5 0
1104 5 0
1105 5 0
1106 5 0
1107 7 0
1108 7 0
1109 7 0
1110 5 0
1111 5 0
1112 5 0
1113 5 0
1114 7 0
1115 7 0
1116 7 0
1117 5 0
1118 5 0
1119 5 0
1120 5 0
1121 7 0
1122 7 0
1123 7 0
1124 5 0
1125 5 0
1126 5 0
1127 5 0
1128 5 0
1129 7 0
1130 7 0
1131 5 0
1132 5 0
1133 5 0
1134 5 0
1135 5 0
1136 7 0
1137 7 0
1138 6 0
1139 5 0
1140 5 0
1141 5 0
1142 5 0
1143 7 0
1144 7 0
1145 5 0
1146 5 0
1147 5 0
1148 5 0
1149 5 0
1150 7 0
1151 7 0
1152 5 0
1153 6 0
1154 5 0
1155 5 0
1156 5 0
1157 7 0
1158 1 0
1159 7 0
1160 6 0
1161 5 0
1162 5 0
1163 5 0
1164 5 0
1165 5 0
1166 5 0
1167 5 0
1168 5 0
1169 5 0
1170 5 0
1171 5 0
1172 1 0
1173 1 0
1174 6 0
1175 5 0
1176 4 0
1177 4 0
1178 5 0
1179 1 0
1180 1 0
1181 5 0
1182 5 0
1183 4 0
1184 4 0
1185 5 0
1186 1 0
1187 1 0
1188 5 0
1189 5 0
1190 5 0
1191 5 0
1192 5 0
1193 1 0
1194 1 0
1195 6 0
1196 5 0
1197 5 0
1198 5 0
1199 5 0
1200 5 0
1201 8 0
1202 5 0
1203 6 0
1204 5 0
1205 5 0
1206 5 0
1207 5 0
1208 1 0
1209 1 0
1210 6 0
1211 5 0
1212 4 0
1213 5 0
1214 5 0
1215 1 0
1216 1 0
1217 5 0
1218 5 0
1219 4 0
1220 5 0
1221 5 0
1222 1 0
1223 1 0
1224 6 0
1225 6 0
1226 5 0
1227 5 0
1228 5 0
1229 8 0
1230 8 0
1231 6 0
1232 6 0
1233 5 0
1234 5 0
1235 5 0
1236 5 0
1237 1 0
1238 1 0
1239 6 0
1240 5 0
1241 4 0
1242 5 0
1243 5 0
1244 8 0
1245 1 0
1246 5 0
1247 6 0
1248 5 0
1249 5 0
1250 5 0
1251 8 0
1252 8 0
1253 6 0
1254 6 0
1255 5 0
1256 5 0
1257 5 0
1258 5 0
1259 8 0
1260 1 0
1261 6 0
1262 6 0
1263 4 0
1264 5 0
1265 5 0
1266 1 0
1267 1 0
1268 6 0
1269 6 0
1270 5 0
1271 5 0
1272 5 0
1273 8 0
1274 8 0
1275 1 0
1276 6 0
1277 5 0
1278 5 0
1279 5 0
1280 5 0
1281 1 0
1282 1 0
1283 4 0
1284 4 0
1285 5 0
1286 5 0
1287 5 0
1288 8 0
1289 8 0
1290 6 0
1291 6 0
1292 5 0
1293 5 0
1294 5 0
1295 5 0
1296 1 0
1297 1 0
1298 6 0
1299 4 0
1300 5 0
1301 5 0
1302 5 0
1303 8 0
1304 8 0
1305 6 0
1306 6 0
1307 5 0
1308 5 0
1309 5 0
1310 5 0
1311 1 0
1312 1 0
1313 6 0
1314 4 0
1315 5 0
1316 5 0
1317 5 0
1318 8 0
1319 8 0
1320 6 0
1321 6 0
1322 5 0
1323 5 0
1324 5 0
1325 5 0
1326 1 0
1327 8 0
1328 6 0
1329 4 0
1330 5 0
1331 5 0
1332 5 0
1333 8 0
1334 8 0
1335 1 0
1336 6 0
1337 4 0
1338 4 0
1339 4 0
1340 5 0
1341 8 0
1342 8 0
1343 6 0
1344 6 0
1345 5 0
1346 5 0
1347 5 0
1348 5 0
1349 8 0
1350 1 0
1351 6 0
1352 6 0
1353 5 0
1354 5 0
1355 5 0
1356 5 0
1357 8 0
1358 1 0
1359 6 0
1360 6 0
1361 5 0
1362 5 0
1363 5 0
1364 3 0
1365 8 0
1366 1 0
1367 6 0
1368 6 0
1369 5 0
1370 5 0
1371 5 0
1372 3 0
1373 8 0
1374 1 1
1375 6 0
1376 6 0
1377 4 0
1378 5 0
1379 5 0
1380 5 0
1381 2 0
1382 2 0
1383 1 0
1384 6 0
1385 6 0
1386 6 0
1387 5 0
1388 5 0
1389 5 0
1390 2 0
1391 2 0
1392 1 0
1393 6 0
1394 1 0
1395 5 0
1396 5 0
1397 5 0
1398 5 0
1399 5 0
1400 8 0
1401 1 0
1402 6 0
1403 5 0
1404 4 0
1405 4 0
1406 5 0
1407 1 0
1408 7 0
1409 5 0
1410 5 0
1411 4 0
1412 4 0
1413 5 0
1414 1 0
1415 7 0
1416 5 0
1417 5 0
1418 4 0
1419 5 0
1420 5 0
1421 1 0
1422 1 0
1423 5 0
1424 5 0
1425 5 0
1426 5 0
1427 5 0
1428 1 0
1429 8 0
1430 5 0
1431 6 0
1432 5 0
1433 5 0
1434 5 0
1435 5 0
1436 8 0
1437 5 0
1438 6 0
1439 5 0
1440 5 0
1441 5 0
1442 5 0
1443 8 0
1444 1 0
1445 5 0
1446 5 0
1447 4 0
1448 5 0
1449 5 0
1450 1 0
1451 1 0
1452 5 0
1453 5 0
1454 4 0
1455 4 0
1456 5 0
1457 1 0
1458 1 0
1459 5 0
1460 6 0
1461 5 0
1462 5 0
1463 5 0
1464 8 0
1465 1 0
1466 6 0
1467 6 0
1468 5 0
1469 5 0
1470 5 0
1471 5 0
1472 8 0
1473 1 0
1474 5 0
1475 5 0
1476 5 0
1477 5 0
1478 5 0
1479 1 0
1480 1 0
1481 5 0
1482 5 0
1483 4 0
1484 5 0
1485 5 0
1486 1 0
1487 1 0
1488 6 0
1489 6 0
1490 5 0
1491 5 0
1492 5 0
1493 8 0
1494 8 0
1495 1 0
1496 6 0
1497 5 0
1498 5 0
1499 5 0
1500 5 0
1501 1 0
1502 1 0
1503 5 0
1504 6 0
1505 4 0
1506 5 0
1507 5 0
1508 1 0
1509 1 0
1510 6 0
1511 6 0
1512 5 0
1513 5 0
1514 5 0
1515 8 0
1516 8 0
1517 1 0
1518 6 0
1519 5 0
1520 5 0
1521 5 0
1522 5 0
1523 1 0
1524 1 0
1525 4 0
1526 4 0
1527 5 0
1528 5 0
1529 5 0
1530 8 0
1531 8 0
1532 6 0
1533 6 0
1534 5 0
1535 5 0
1536 5 0
1537 5 0
1538 1 0
1539 1 0
1540 4 0
1541 4 0
1542 5 0
1543 5 0
1544 5 0
1545 8 0
1546 8 0
1547 6 0
1548 6 0
1549 5 0
1550 5 0
1551 5 0
1552 5 0
1553 1 0
1554 8 0
1555 6 0
1556 4 0
1557 5 0
1558 5 0
1559 5 0
1560 8 0
1561 8 0
1562 6 0
1563 6 0
1564 5 0
1565 5 0
1566 5 0
1567 5 0
1568 1 0
1569 8 0
1570 4 0
1571 6 0
1572 5 0
1573 5 0
1574 5 0
1575 3 0
1576 8 0
1577 1 0
1578 6 0
1579 4 0
1580 4 0
1581 4 0
1582 5 0
1583 8 0
1584 8 0
1585 6 0
1586 6 0
1587 5 0
1588 5 0
1589 5 0
1590 5 0
1591 1 0
1592 8 0
1593 6 0
1594 6 0
1595 5 0
1596 5 0
1597 5 0
1598 3 0
1599 8 0
1600 1 0
1601 6 0
1602 6 0
1603 5 0
1604 5 0
1605 3 0
1606 3 0
1607 8 0
1608 1 0
1609 6 0
1610 6 0
1611 3 0
1612 5 0
1613 3 0
1614 3 0
1615 8 0
1616 1 0
1617 6 0
1618 6 0
1619 5 0
1620 5 0
1621 5 0
1622 5 0
1623 8 0
1624 8 0
1625 1 0
1626 6 0
1627 6 0
1628 5 0
1629 5 0
1630 5 0
1631 3 0
1632 2 0
1633 5 0
1634 1 0
1635 1 0
1636 1 0
1637 1 0
1638 1 0
1639 7 0
1640 7 0
1641 7 0
1642 7 7
1643 7 7
1644 7 0
1645 7 0
1646 7 0
1647 7 0
1648 7 0
1649 7 7
1650 7 7
1651 7 0
1652 7 0
1653 7 0
1654 7 0
1655 7 0
1656 7 7
1657 7 7
1658 7 7
1659 7 0
1660 7 0
1661 7 0
1662 7 0
1663 7 0
1664 7 7
1665 7 7
1666 7 0
1667 7 0
1668 7 0
1669 7 0
1670 7 7
1671 7 7
1672 7 7
1673 7 0
1674 7 0
1675 7 0
1676 7 0
1677 7 0
1678 7 0
1679 7 7
1680 7 0
1681 7 0
1682 7 0
1683 7 0
1684 7 0
1685 7 0
1686 7 0
1687 7 0
1688 7 0
1689 7 0
1690 7 0
1691 1 0
1692 7 0
1693 7 0
1694 4 0
1695 7 0
1696 7 0
1697 7 0
1698 1 0
1699 7 0
1700 7 0
1701 4 0
1702 7 0
1703 7 0
1704 7 0
1705 1 0
1706 7 0
1707 7 0
1708 4 0
1709 7 0
1710 7 0
1711 7 0
1712 1 0
1713 7 0
1714 7 0
1715 4 0
1716 7 0
1717 7 0
1718 7 0
1719 1 0
1720 7 0
1721 7 0
1722 4 0
1723 7 7
1724 7 0
1725 7 0
1726 1 0
1727 7 0
1728 7 0
1729 4 0
1730 7 0
1731 7 0
1732 7 0
1733 1 0
1734 7 0
1735 7 0
1736 4 0
1737 7 0
1738 7 0
1739 7 0
1740 1 0
1741 7 0
1742 7 0
1743 4 0
1744 7 0
1745 7 0
1746 7 0
1747 7 0
1748 7 0
1749 7 0
1750 4 0
1751 7 0
1752 7 0
1753 7 0
1754 7 0
1755 7 0
1756 7 0
1757 4 0
1758 7 0
1759 7 0
1760 7 0
1761 7 0
1762 5 0
1763 7 0
1764 4 0
1765 7 0
1766 7 0
1767 7 0
1768 7 0
1769 5 0
1770 5 0
1771 4 0
1772 7 0
1773 7 0
1774 7 0
1775 7 0
1776 5 0
1777 5 0
1778 4 0
1779 7 0
1780 7 0
1781 7 0
1782 7 0
1783 5 0
1784 5 0
1785 4 0
1786 5 0
1787 5 0
1788 7 0
1789 7 0
1790 5 0
1791 5 0
1792 5 0
1793 5 0
1794 5 0
1795 1 0
1796 8 0
1797 5 0
1798 5 0
1799 5 0
1800 5 0
1801 5 0
1802 8 0
1803 8 0
1804 5 0
1805 6 0
1806 5 0
1807 5 0
1808 5 0
1809 7 0
1810 5 0
1811 5 0
1812 6 0
1813 5 0
1814 5 0
1815 5 0
1816 5 0
1817 1 0
1818 1 0
1819 6 0
1820 5 0
1821 4 0
1822 5 0
1823 5 0
1824 1 0
1825 1 0
1826 6 0
1827 5 0
1828 4 0
1829 4 0
1830 5 0
1831 1 0
1832 1 0
1833 5 0
1834 5 0
1835 4 0
1836 5 0
1837 5 0
1838 8 0
1839 1 0
1840 6 0
1841 6 0
1842 5 0
1843 5 0
1844 5 0
1845 8 0
1846 8 0
1847 5 0
1848 6 0
1849 5 0
1850 5 0
1851 5 0
1852 5 0
1853 1 0
1854 1 0
1855 6 0
1856 5 0
1857 4 0
1858 4 0
1859 5 0
1860 1 0
1861 1 0
1862 5 0
1863 5 0
1864 4 0
1865 5 0
1866 5 0
1867 1 0
1868 1 0
1869 6 0
1870 6 0
1871 5 0
1872 5 0
1873 5 0
1874 8 0
1875 8 0
1876 5 0
1877 6 0
1878 5 0
1879 4 0
1880 5 0
1881 5 0
1882 1 0
1883 1 0
1884 5 0
1885 6 0
1886 4 0
1887 5 0
1888 5 0
1889 1 0
1890 8 0
1891 6 0
1892 6 0
1893 5 0
1894 5 0
1895 5 0
1896 8 0
1897 8 0
1898 5 0
1899 6 0
1900 5 0
1901 4 0
1902 5 0
1903 5 0
1904 1 0
1905 1 0
1906 4 0
1907 6 0
1908 5 0
1909 5 0
1910 5 0
1911 8 0
1912 8 0
1913 6 0
1914 6 0
1915 5 0
1916 5 0
1917 5 0
1918 5 0
1919 1 0
1920 1 0
1921 6 0
1922 6 0
1923 4 0
1924 5 0
1925 5 0
1926 8 0
1927 8 0
1928 6 0
1929 6 0
1930 5 0
1931 5 0
1932 5 0
1933 8 0
1934 8 0
1935 5 0
1936 6 0
1937 6 0
1938 4 0
1939 4 0
1940 5 0
1941 8 0
1942 8 0
1943 6 0
1944 6 0
1945 5 0
1946 5 0
1947 5 0
1948 5 0
1949 8 0
1950 8 0
1951 6 0
1952 4 0
1953 5 0
1954 5 0
1955 5 0
1956 8 0
1957 8 0
1958 6 0
1959 6 0
1960 5 0
1961 5 0
1962 5 0
1963 5 0
1964 8 0
1965 8 0
1966 6 0
1967 6 0
1968 5 0
1969 5 0
1970 5 0
1971 8 0
1972 8 0
1973 8 0
1974 6 0
1975 4 0
1976 4 0
1977 4 0
1978 5 0
1979 8 0
1980 8 0
1981 8 0
1982 6 0
1983 4 0
1984 8 0
1985 5 0
1986 5 0
1987 8 0
1988 8 0
1989 6 0
1990 6 0
1991 5 0
1992 5 0
1993 5 0
1994 5 0
1995 8 0
1996 8 0
1997 6 0
1998 6 0
1999 4 0
2000 8 0
2001 5 0
