1 7 0
2 7 0
3 7 0
4 4 0
5 2 2
6 2 2
7 1 0
8 5 5
9 9 0
10 6 0
11 7 0
12 7 0
13 3 3
14 4 0
15 2 0
16 9 0
17 9 0
18 6 0
19 7 0
20 7 0
21 7 0
22 2 0
23 9 0
24 9 0
25 6 0
26 7 0
27 7 0
28 7 0
29 7 0
30 9 0
31 9 0
32 9 0
33 6 0
34 7 0
35 7 0
36 7 0
37 2 0
38 9 0
39 9 0
40 6 0
41 7 0
42 7 0
43 7 0
44 7 0
45 9 0
46 9 0
47 9 0
48 6 0
49 7 0
50 7 0
51 7 0
52 2 0
53 9 0
54 9 0
55 6 0
56 7 7
57 7 0
58 7 0
59 7 0
60 9 0
61 9 0
62 9 0
63 6 6
64 7 7
65 7 0
66 7 0
67 4 0
68 9 0
69 1 0
70 9 9
71 7 7
72 7 0
73 7 0
74 7 0
75 2 0
76 9 0
77 9 0
78 6 6
79 7 7
80 7 0
81 7 0
82 7 0
83 2 0
84 9 0
85 9 9
86 6 6
87 7 0
88 7 0
89 7 0
90 4 0
91 9 0
92 1 1
93 9 0
94 7 0
95 7 0
96 7 0
97 7 0
98 2 0
99 9 0
100 1 1
101 9 0
102 7 0
103 7 0
104 7 0
105 7 0
106 2 0
107 9 0
108 1 1
109 9 0
110 7 0
111 7 0
112 7 0
113 7 0
114 2 0
115 2 2
116 1 1
117 9 0
118 6 0
119 7 0
120 7 0
121 3 0
122 4 0
123 2 0
124 8 8
125 1 0
126 9 0
127 6 0
128 7 0
129 7 0
130 3 0
131 4 0
132 2 0
133 8 8
134 1 0
135 5 5
136 9 0
137 6 0
138 7 0
139 7 0
140 7 0
141 2 0
142 9 0
143 9 0
144 6 0
145 7 0
146 7 0
147 7 0
148 7 0
149 9 0
150 9 0
151 9 0
152 7 0
153 7 0
154 7 0
155 7 0
156 9 0
157 9 0
158 9 0
159 7 0
160 7 0
161 7 0
162 7 0
163 9 0
164 9 0
165 9 0
166 7 0
167 7 0
168 7 0
169 7 0
170 9 0
171 9 0
172 9 0
173 6 0
174 7 0
175 7 0
176 7 0
177 2 0
178 9 0
179 9 0
180 6 0
181 7 0
182 7 0
183 7 0
184 7 0
185 9 0
186 9 0
187 9 0
188 7 0
189 7 0
190 7 0
191 7 0
192 9 0
193 9 0
194 9 0
195 7 0
196 7 0
197 7 0
198 7 0
199 9 0
200 9 0
201 9 0
202 6 0
203 7 0
204 7 0
205 7 0
206 2 0
207 9 0
208 9 0
209 6 0
210 7 0
211 7 0
212 7 0
213 7 0
214 9 0
215 9 0
216 9 0
217 7 0
218 7 0
219 7 0
220 7 0
221 9 0
222 9 0
223 9 0
224 7 0
225 7 0
226 7 0
227 7 0
228 2 0
229 9 0
230 9 0
231 6 0
232 7 0
233 7 0
234 7 0
235 7 0
236 9 0
237 9 0
238 9 0
239 7 0
240 7 0
241 7 0
242 7 0
243 9 0
244 9 0
245 9 0
246 6 0
247 7 0
248 7 0
249 7 0
250 2 0
251 9 0
252 9 0
253 6 0
254 7 0
255 7 0
256 7 0
257 7 0
258 9 0
259 9 0
260 9 0
261 6 0
262 7 0
263 7 0
264 7 0
265 2 0
266 9 0
267 9 0
268 6 0
269 7 0
270 7 0
271 7 0
272 7 0
273 9 0
274 9 0
275 9 0
276 6 0
277 7 0
278 7 0
279 7 0
280 2 2
281 9 0
282 9 0
283 6 0
284 7 0
285 7 0
286 7 0
287 7 0
288 9 0
289 9 0
290 9 0
291 6 0
292 7 0
293 7 0
294 7 0
295 2 0
296 9 0
297 9 0
298 6 0
299 7 0
300 7 0
301 7 0
302 4 0
303 2 0
304 9 0
305 9 0
306 6 0
307 7 0
308 7 0
309 7 0
310 7 0
311 2 0
312 9 0
313 9 0
314 6 0
315 7 0
316 7 0
317 7 0
318 4 0
319 9 0
320 1 0
321 9 0
322 7 0
323 7 0
324 7 0
325 7 0
326 2 0
327 9 0
328 1 1
329 9 0
330 7 0
331 7 0
332 7 0
333 7 0
334 2 2
335 9 0
336 1 1
337 9 9
338 7 0
339 7 0
340 7 0
341 7 0
342 2 2
343 2 2
344 1 1
345 9 0
346 6 0
347 7 0
348 7 0
349 3 0
350 4 4
351 2 2
352 8 8
353 1 0
354 9 0
355 6 0
356 7 0
357 7 0
358 3 3
359 4 4
360 2 2
361 2 0
362 1 0
363 5 5
364 9 0
365 6 6
366 7 7
367 7 0
368 7 0
369 2 2
370 9 0
371 9 0
372 9 9
373 7 7
374 7 7
375 7 0
376 7 0
377 9 0
378 9 0
379 9 0
380 7 7
381 7 7
382 7 0
383 7 0
384 9 0
385 9 0
386 9 0
387 7 0
388 7 0
389 7 0
390 7 0
391 9 0
392 9 0
393 9 0
394 7 0
395 7 0
396 7 0
397 7 0
398 9 0
399 9 0
400 9 0
401 6 0
402 7 0
403 7 0
404 7 0
405 2 0
406 9 0
407 9 0
408 6 0
409 7 0
410 7 0
411 7 0
412 7 0
413 9 0
414 9 0
415 9 0
416 7 0
417 7 0
418 7 0
419 7 0
420 9 0
421 9 0
422 9 0
423 7 0
424 7 0
425 7 0
426 7 0
427 9 0
428 9 0
429 9 0
430 6 0
431 7 0
432 7 0
433 7 0
434 2 0
435 9 0
436 9 0
437 6 0
438 7 0
439 7 0
440 7 0
441 7 0
442 9 0
443 9 0
444 9 0
445 7 0
446 7 0
447 7 0
448 7 0
449 9 0
450 9 0
451 9 0
452 7 0
453 7 0
454 7 0
455 7 0
456 2 0
457 9 0
458 9 0
459 6 0
460 7 0
461 7 0
462 7 0
463 7 0
464 9 0
465 9 0
466 9 0
467 7 0
468 7 0
469 7 0
470 7 0
471 9 0
472 9 0
473 9 0
474 7 0
475 7 0
476 7 0
477 7 0
478 2 0
479 9 0
480 9 0
481 6 0
482 7 0
483 7 0
484 7 0
485 7 0
486 9 0
487 9 0
488 9 0
489 7 0
490 7 0
491 7 0
492 7 0
493 9 0
494 9 0
495 9 0
496 6 0
497 7 0
498 7 0
499 7 0
500 4 0
501 9 0
502 1 0
503 6 0
504 7 0
505 7 0
506 7 0
507 7 0
508 9 0
509 9 0
510 9 0
511 6 0
512 7 0
513 7 0
514 7 0
515 4 0
516 9 0
517 1 0
518 9 0
519 7 0
520 7 0
521 7 0
522 4 0
523 2 0
524 9 0
525 9 0
526 6 0
527 7 0
528 7 0
529 7 0
530 7 0
531 9 0
532 1 0
533 9 0
534 7 0
535 7 0
536 7 0
537 7 0
538 2 0
539 9 0
540 9 0
541 6 0
542 7 0
543 7 0
544 7 0
545 4 0
546 2 0
547 9 0
548 9 0
549 6 0
550 7 0
551 7 0
552 7 0
553 7 0
554 2 0
555 9 0
556 9 0
557 6 0
558 7 0
559 7 0
560 7 0
561 4 0
562 2 0
563 9 0
564 9 0
565 6 0
566 7 0
567 7 0
568 7 0
569 4 0
570 2 0
571 9 0
572 9 0
573 6 0
574 7 0
575 7 0
576 7 0
577 4 0
578 2 0
579 9 0
580 1 0
581 9 0
582 7 0
583 7 0
584 7 0
585 7 0
586 2 0
587 2 0
588 1 0
589 9 0
590 9 0
591 7 0
592 7 0
593 7 0
594 7 0
595 2 0
596 2 0
597 1 0
598 5 5
599 9 0
600 9 0
601 7 0
602 7 0
603 7 0
604 7 0
605 9 0
606 9 0
607 9 0
608 7 0
609 7 0
610 7 0
611 7 0
612 9 0
613 9 0
614 9 0
615 6 0
616 7 0
617 7 0
618 7 0
619 2 0
620 9 0
621 9 0
622 6 0
623 7 0
624 7 0
625 7 0
626 7 0
627 9 0
628 9 0
629 6 0
630 7 0
631 7 0
632 7 0
633 7 0
634 9 0
635 9 0
636 9 0
637 7 0
638 7 0
639 7 0
640 7 0
641 9 0
642 9 0
643 9 0
644 6 0
645 7 0
646 7 0
647 7 0
648 2 0
649 9 0
650 9 0
651 6 0
652 7 0
653 7 0
654 7 0
655 7 0
656 9 0
657 9 0
658 9 0
659 7 0
660 7 0
661 7 0
662 7 0
663 9 0
664 9 0
665 9 0
666 7 0
667 7 0
668 7 0
669 7 0
670 2 0
671 9 0
672 9 0
673 6 0
674 7 0
675 7 0
676 7 0
677 7 0
678 9 0
679 9 0
680 9 0
681 7 0
682 7 0
683 7 0
684 7 0
685 9 0
686 9 0
687 9 0
688 6 0
689 7 0
690 7 0
691 7 0
692 2 0
693 9 0
694 9 0
695 6 0
696 7 0
697 7 0
698 7 0
699 7 0
700 9 0
701 9 0
702 9 0
703 6 0
704 7 0
705 7 0
706 7 0
707 2 0
708 9 0
709 9 0
710 6 0
711 7 0
712 7 0
713 7 0
714 7 0
715 9 0
716 9 0
717 9 0
718 6 0
719 7 0
720 7 0
721 7 0
722 2 0
723 9 0
724 9 0
725 6 0
726 7 0
727 7 0
728 7 0
729 4 0
730 9 0
731 9 0
732 9 0
733 6 0
734 7 0
735 7 0
736 7 0
737 4 0
738 9 0
739 1 0
740 9 0
741 7 0
742 7 0
743 7 0
744 7 0
745 2 0
746 9 0
747 9 0
748 6 0
749 7 0
750 7 0
751 7 0
752 4 0
753 2 0
754 9 0
755 9 0
756 6 0
757 7 0
758 7 0
759 7 0
760 7 0
761 2 0
762 9 0
763 9 0
764 6 0
765 7 0
766 7 0
767 7 0
768 7 0
769 2 0
770 9 0
771 9 0
772 6 0
773 7 0
774 7 0
775 7 0
776 7 0
777 2 0
778 8 8
779 1 0
780 9 0
781 7 0
782 7 0
783 7 0
784 7 0
785 2 0
786 2 0
787 1 0
788 9 0
789 6 0
790 7 0
791 7 0
792 7 0
793 4 0
794 2 0
795 2 0
796 1 0
797 5 5
798 9 0
799 9 0
800 7 0
801 7 0
802 7 0
803 7 0
804 9 0
805 9 0
806 9 0
807 7 0
808 7 0
809 7 0
810 7 0
811 9 0
812 9 0
813 9 0
814 7 0
815 7 0
816 7 0
817 7 0
818 9 0
819 9 0
820 9 0
821 7 0
822 7 0
823 7 0
824 7 0
825 9 0
826 9 0
827 9 0
828 6 0
829 7 0
830 7 0
831 7 0
832 2 0
833 9 0
834 9 0
835 6 0
836 7 0
837 7 0
838 7 0
839 7 0
840 9 0
841 9 0
842 9 0
843 7 0
844 7 0
845 7 0
846 7 0
847 9 0
848 9 0
849 9 0
850 7 0
851 7 0
852 7 0
853 7 0
854 9 0
855 9 0
856 9 0
857 7 0
858 7 0
859 7 0
860 7 0
861 2 0
862 9 0
863 9 0
864 6 0
865 7 0
866 7 0
867 7 0
868 2 0
869 9 0
870 9 0
871 6 0
872 7 0
873 7 0
874 7 0
875 7 0
876 9 0
877 9 0
878 9 0
879 7 0
880 7 0
881 7 0
882 7 0
883 9 0
884 9 0
885 9 0
886 7 0
887 7 0
888 7 0
889 7 0
890 2 0
891 9 0
892 9 0
893 6 0
894 7 0
895 7 0
896 7 0
897 7 0
898 9 0
899 9 0
900 9 0
901 7 7
902 7 7
903 7 0
904 7 0
905 9 0
906 9 0
907 9 0
908 7 0
909 7 7
910 7 7
911 7 0
912 2 0
913 9 0
914 9 0
915 6 0
916 7 7
917 7 0
918 7 0
919 7 0
920 9 0
921 9 0
922 9 0
923 7 0
924 7 0
925 7 0
926 7 0
927 9 0
928 9 0
929 9 0
930 6 0
931 7 7
932 7 0
933 7 0
934 2 2
935 9 0
936 9 0
937 6 0
938 7 0
939 7 0
940 7 0
941 7 0
942 9 0
943 9 0
944 9 0
945 6 0
946 7 0
947 7 0
948 7 0
949 2 0
950 9 0
951 9 0
952 6 0
953 7 0
954 7 0
955 7 0
956 7 0
957 9 0
958 9 0
959 9 0
960 6 0
961 7 0
962 7 0
963 7 0
964 2 0
965 9 0
966 9 0
967 6 0
968 7 0
969 7 0
970 7 0
971 7 0
972 9 0
973 9 0
974 9 0
975 6 0
976 7 0
977 7 0
978 7 0
979 4 0
980 9 0
981 1 0
982 9 0
983 7 0
984 7 0
985 7 0
986 7 0
987 2 0
988 9 0
989 9 0
990 6 0
991 7 0
992 7 0
993 7 0
994 7 0
995 2 0
996 9 0
997 9 0
998 6 0
999 7 0
1000 7 0
1001 7 0
1002 7 0
1003 2 0
1004 9 0
1005 9 0
1006 6 0
1007 7 0
1008 7 0
1009 7 0
1010 4 0
1011 2 0
1012 9 0
1013 9 0
1014 6 0
1015 7 0
1016 7 0
1017 7 0
1018 4 0
1019 2 0
1020 9 0
1021 9 0
1022 6 0
1023 7 0
1024 7 0
1025 3 0
1026 7 0
1027 2 0
1028 8 8
1029 1 0
1030 9 0
1031 6 0
1032 7 0
1033 7 0
1034 3 0
1035 4 0
1036 2 0
1037 8 8
1038 1 0
1039 9 0
1040 9 0
1041 9 0
1042 7 0
1043 7 0
1044 7 0
1045 7 0
1046 9 0
1047 9 0
1048 6 0
1049 7 0
1050 7 0
1051 7 0
1052 7 0
1053 9 0
1054 9 0
1055 6 0
1056 7 0
1057 7 0
1058 7 0
1059 7 0
1060 9 0
1061 9 0
1062 6 0
1063 7 0
1064 7 0
1065 7 0
1066 7 0
1067 9 0
1068 9 0
1069 6 0
1070 7 0
1071 7 0
1072 7 0
1073 7 0
1074 9 0
1075 9 0
1076 6 0
1077 7 0
1078 7 0
1079 7 0
1080 7 0
1081 9 0
1082 9 0
1083 6 0
1084 7 0
1085 7 0
1086 7 0
1087 7 0
1088 9 0
1089 9 0
1090 6 0
1091 7 0
1092 7 0
1093 7 0
1094 7 0
1095 9 0
1096 9 0
1097 6 0
1098 7 0
1099 7 0
1100 7 0
1101 9 0
1102 9 0
1103 9 0
1104 6 0
1105 7 0
1106 7 0
1107 7 0
1108 9 0
1109 9 0
1110 9 0
1111 6 0
1112 7 0
1113 7 0
1114 7 0
1115 9 0
1116 9 0
1117 9 0
1118 6 0
1119 7 0
1120 7 0
1121 7 0
1122 9 0
1123 9 0
1124 9 0
1125 6 0
1126 7 0
1127 7 0
1128 7 0
1129 9 0
1130 9 0
1131 9 0
1132 6 0
1133 7 0
1134 7 0
1135 7 0
1136 9 0
1137 9 0
1138 9 0
1139 6 0
1140 7 0
1141 7 0
1142 7 0
1143 9 0
1144 9 0
1145 9 0
1146 6 0
1147 7 0
1148 7 0
1149 7 0
1150 9 0
1151 9 0
1152 9 0
1153 9 0
1154 7 0
1155 7 0
1156 7 0
1157 9 0
1158 9 0
1159 9 0
1160 9 0
1161 7 0
1162 7 0
1163 7 0
1164 7 0
1165 9 0
1166 9 0
1167 9 0
1168 7 0
1169 7 0
1170 7 0
1171 7 0
1172 9 0
1173 9 0
1174 9 0
1175 7 0
1176 7 0
1177 7 0
1178 7 0
1179 9 0
1180 9 0
1181 9 0
1182 7 0
1183 7 0
1184 7 0
1185 7 0
1186 9 0
1187 9 0
1188 9 0
1189 6 0
1190 7 0
1191 7 0
1192 7 0
1193 2 0
1194 9 0
1195 9 0
1196 6 0
1197 7 0
1198 7 0
1199 7 0
1200 7 0
1201 9 0
1202 9 0
1203 9 0
1204 7 0
1205 7 0
1206 7 0
1207 7 0
1208 9 0
1209 9 0
1210 9 0
1211 7 0
1212 7 0
1213 7 0
1214 7 0
1215 9 0
1216 9 0
1217 9 0
1218 6 0
1219 7 0
1220 7 0
1221 7 0
1222 2 0
1223 9 0
1224 9 0
1225 6 0
1226 7 0
1227 7 0
1228 7 0
1229 7 0
1230 9 0
1231 9 0
1232 9 0
1233 7 0
1234 7 0
1235 7 0
1236 7 0
1237 9 0
1238 9 0
1239 9 0
1240 7 0
1241 7 0
1242 7 0
1243 7 0
1244 2 0
1245 9 0
1246 9 0
1247 6 0
1248 7 0
1249 7 0
1250 7 0
1251 7 0
1252 9 0
1253 9 0
1254 9 0
1255 7 0
1256 7 0
1257 7 0
1258 7 0
1259 9 0
1260 9 0
1261 9 0
1262 7 0
1263 7 0
1264 7 0
1265 7 0
1266 2 0
1267 9 0
1268 9 0
1269 6 0
1270 7 0
1271 7 0
1272 7 0
1273 7 0
1274 9 0
1275 9 0
1276 9 0
1277 7 0
1278 7 0
1279 7 0
1280 7 0
1281 9 0
1282 9 0
1283 9 0
1284 6 0
1285 7 0
1286 7 0
1287 7 0
1288 2 0
1289 9 0
1290 9 0
1291 6 0
1292 7 0
1293 7 0
1294 7 0
1295 7 0
1296 9 0
1297 9 0
1298 9 0
1299 6 0
1300 7 0
1301 7 0
1302 7 0
1303 2 0
1304 9 0
1305 9 0
1306 6 0
1307 7 0
1308 7 0
1309 7 0
1310 7 0
1311 9 0
1312 9 0
1313 9 0
1314 6 0
1315 7 0
1316 7 0
1317 7 0
1318 2 0
1319 9 0
1320 9 0
1321 6 0
1322 7 0
1323 7 0
1324 7 0
1325 7 0
1326 9 0
1327 9 0
1328 9 0
1329 6 0
1330 7 0
1331 7 0
1332 7 0
1333 4 0
1334 9 0
1335 1 0
1336 9 0
1337 7 0
1338 7 0
1339 7 0
1340 7 0
1341 2 0
1342 9 0
1343 9 0
1344 6 0
1345 7 0
1346 7 0
1347 7 0
1348 4 0
1349 2 0
1350 9 0
1351 9 0
1352 6 0
1353 7 0
1354 7 0
1355 7 0
1356 7 0
1357 2 0
1358 9 0
1359 9 0
1360 6 6
1361 7 0
1362 7 0
1363 7 0
1364 7 0
1365 2 0
1366 9 0
1367 9 9
1368 6 6
1369 7 0
1370 7 0
1371 7 0
1372 7 0
1373 2 0
1374 8 8
1375 1 1
1376 9 0
1377 7 0
1378 7 0
1379 7 0
1380 7 0
1381 2 2
1382 2 2
1383 1 1
1384 9 0
1385 9 0
1386 7 0
1387 7 0
1388 7 0
1389 7 0
1390 2 2
1391 2 0
1392 1 0
1393 5 5
1394 9 0
1395 9 0
1396 7 0
1397 7 0
1398 7 0
1399 7 0
1400 9 0
1401 9 0
1402 9 0
1403 7 0
1404 7 0
1405 7 0
1406 7 0
1407 9 0
1408 9 0
1409 9 0
1410 7 0
1411 7 0
1412 7 0
1413 7 0
1414 9 0
1415 9 0
1416 9 0
1417 6 0
1418 7 0
1419 7 0
1420 7 0
1421 2 0
1422 9 0
1423 9 0
1424 6 0
1425 7 0
1426 7 0
1427 7 0
1428 2 0
1429 9 0
1430 9 0
1431 6 0
1432 7 0
1433 7 0
1434 7 0
1435 7 0
1436 9 0
1437 9 0
1438 9 0
1439 7 0
1440 7 0
1441 7 0
1442 7 0
1443 9 0
1444 9 0
1445 9 0
1446 7 0
1447 7 0
1448 7 0
1449 7 0
1450 9 0
1451 9 0
1452 9 0
1453 6 0
1454 7 0
1455 7 0
1456 7 0
1457 2 0
1458 9 0
1459 9 0
1460 6 0
1461 7 0
1462 7 0
1463 7 0
1464 7 0
1465 9 0
1466 9 0
1467 6 0
1468 7 0
1469 7 0
1470 7 0
1471 7 0
1472 9 0
1473 9 0
1474 9 0
1475 7 0
1476 7 0
1477 7 0
1478 7 0
1479 9 0
1480 9 0
1481 9 0
1482 6 0
1483 7 0
1484 7 0
1485 7 0
1486 2 0
1487 9 0
1488 9 0
1489 6 0
1490 7 0
1491 7 0
1492 7 0
1493 7 0
1494 9 0
1495 9 0
1496 9 0
1497 7 0
1498 7 0
1499 7 0
1500 7 0
1501 9 0
1502 9 0
1503 9 0
1504 7 0
1505 7 0
1506 7 0
1507 7 0
1508 2 0
1509 9 0
1510 9 0
1511 6 0
1512 7 0
1513 7 0
1514 7 0
1515 7 0
1516 9 0
1517 9 0
1518 9 0
1519 7 0
1520 7 0
1521 7 0
1522 7 0
1523 9 0
1524 9 0
1525 9 0
1526 6 0
1527 7 0
1528 7 0
1529 7 0
1530 2 0
1531 9 0
1532 9 0
1533 6 0
1534 7 0
1535 7 0
1536 7 0
1537 7 0
1538 9 0
1539 9 0
1540 9 0
1541 6 0
1542 7 0
1543 7 0
1544 7 0
1545 2 0
1546 9 0
1547 9 0
1548 6 0
1549 7 0
1550 7 0
1551 7 0
1552 7 0
1553 9 0
1554 9 0
1555 9 0
1556 6 0
1557 7 0
1558 7 0
1559 7 0
1560 2 0
1561 9 0
1562 9 0
1563 6 0
1564 7 0
1565 7 0
1566 7 0
1567 7 0
1568 9 0
1569 9 0
1570 9 0
1571 6 0
1572 7 0
1573 7 0
1574 7 0
1575 4 0
1576 9 0
1577 1 0
1578 9 0
1579 7 0
1580 7 0
1581 7 0
1582 7 0
1583 2 0
1584 9 0
1585 9 0
1586 6 0
1587 7 0
1588 7 0
1589 7 0
1590 7 0
1591 2 0
1592 9 0
1593 9 0
1594 6 0
1595 7 0
1596 7 0
1597 7 0
1598 7 0
1599 2 0
1600 9 0
1601 9 0
1602 6 0
1603 7 0
1604 7 0
1605 7 0
1606 4 0
1607 2 2
1608 9 0
1609 9 0
1610 6 0
1611 7 0
1612 7 0
1613 7 0
1614 4 4
1615 2 0
1616 9 0
1617 9 0
1618 6 0
1619 7 0
1620 7 0
1621 3 3
1622 7 0
1623 2 0
1624 8 8
1625 1 0
1626 9 0
1627 6 0
1628 7 0
1629 7 0
1630 3 0
1631 4 0
1632 2 0
1633 8 8
1634 1 0
1635 9 0
1636 9 0
1637 9 0
1638 9 0
1639 9 0
1640 9 0
1641 9 0
1642 9 0
1643 9 0
1644 9 0
1645 7 0
1646 7 0
1647 7 0
1648 7 0
1649 9 0
1650 9 9
1651 9 0
1652 7 0
1653 7 0
1654 7 0
1655 7 0
1656 9 0
1657 9 9
1658 9 0
1659 7 0
1660 7 0
1661 7 0
1662 7 0
1663 9 0
1664 9 0
1665 9 9
1666 7 0
1667 7 0
1668 7 0
1669 7 0
1670 9 0
1671 9 9
1672 9 9
1673 7 0
1674 7 0
1675 7 0
1676 7 0
1677 9 0
1678 9 0
1679 9 0
1680 7 0
1681 7 0
1682 7 0
1683 7 0
1684 9 0
1685 9 0
1686 9 0
1687 7 0
1688 7 0
1689 7 0
1690 7 0
1691 9 0
1692 9 0
1693 9 0
1694 7 0
1695 7 0
1696 7 0
1697 7 0
1698 9 0
1699 9 0
1700 9 0
1701 7 0
1702 7 0
1703 7 0
1704 9 0
1705 9 0
1706 9 0
1707 9 0
1708 7 0
1709 7 0
1710 7 0
1711 9 0
1712 9 0
1713 9 0
1714 9 0
1715 7 0
1716 7 0
1717 7 0
1718 9 0
1719 9 0
1720 9 0
1721 9 0
1722 7 0
1723 7 0
1724 7 0
1725 9 0
1726 9 0
1727 9 0
1728 9 0
1729 7 0
1730 7 0
1731 7 0
1732 9 0
1733 9 0
1734 9 0
1735 9 0
1736 7 0
1737 7 0
1738 7 0
1739 9 0
1740 9 0
1741 9 0
1742 9 0
1743 7 0
1744 7 0
1745 7 0
1746 9 0
1747 9 0
1748 9 0
1749 9 0
1750 7 0
1751 7 0
1752 7 0
1753 9 0
1754 9 0
1755 9 0
1756 9 0
1757 7 0
1758 7 0
1759 7 0
1760 9 0
1761 9 0
1762 9 0
1763 9 0
1764 7 0
1765 7 0
1766 7 0
1767 9 0
1768 9 0
1769 9 0
1770 6 0
1771 7 0
1772 7 0
1773 7 0
1774 9 0
1775 9 0
1776 9 0
1777 6 0
1778 7 0
1779 7 0
1780 7 0
1781 9 0
1782 9 0
1783 9 0
1784 6 0
1785 7 0
1786 7 0
1787 7 0
1788 9 0
1789 9 0
1790 9 0
1791 6 0
1792 7 0
1793 7 0
1794 7 0
1795 2 0
1796 9 0
1797 9 0
1798 6 0
1799 7 0
1800 7 0
1801 7 0
1802 9 0
1803 9 0
1804 9 0
1805 9 0
1806 7 0
1807 7 0
1808 7 0
1809 9 0
1810 9 0
1811 9 0
1812 9 0
1813 7 0
1814 7 0
1815 7 0
1816 7 0
1817 9 0
1818 9 0
1819 9 0
1820 7 0
1821 7 0
1822 7 0
1823 7 0
1824 9 0
1825 9 0
1826 9 0
1827 6 0
1828 7 0
1829 7 0
1830 7 0
1831 9 0
1832 9 0
1833 9 0
1834 6 0
1835 7 0
1836 7 0
1837 7 0
1838 2 0
1839 9 0
1840 9 0
1841 6 0
1842 7 0
1843 7 0
1844 7 0
1845 7 0
1846 9 0
1847 9 0
1848 9 9
1849 7 7
1850 7 0
1851 7 0
1852 7 0
1853 9 0
1854 9 0
1855 9 0
1856 7 0
1857 7 0
1858 7 0
1859 7 0
1860 2 0
1861 9 0
1862 9 0
1863 6 0
1864 7 0
1865 7 0
1866 7 0
1867 2 0
1868 9 0
1869 9 0
1870 6 0
1871 7 0
1872 7 0
1873 7 0
1874 7 0
1875 9 0
1876 9 0
1877 9 0
1878 7 0
1879 7 0
1880 7 0
1881 7 0
1882 9 0
1883 9 0
1884 9 0
1885 7 0
1886 7 0
1887 7 0
1888 7 0
1889 2 0
1890 9 0
1891 9 0
1892 6 0
1893 7 0
1894 7 0
1895 7 0
1896 7 0
1897 9 0
1898 9 0
1899 9 0
1900 7 0
1901 7 0
1902 7 0
1903 7 0
1904 9 0
1905 9 0
1906 9 0
1907 6 0
1908 7 0
1909 7 0
1910 7 0
1911 2 0
1912 9 0
1913 9 0
1914 6 0
1915 7 0
1916 7 0
1917 7 0
1918 7 0
1919 9 0
1920 9 0
1921 9 0
1922 6 0
1923 7 0
1924 7 0
1925 7 0
1926 2 0
1927 9 0
1928 9 0
1929 6 0
1930 7 0
1931 7 0
1932 7 0
1933 7 0
1934 9 0
1935 9 0
1936 9 0
1937 6 0
1938 7 0
1939 7 0
1940 7 0
1941 2 0
1942 9 0
1943 9 0
1944 6 0
1945 7 0
1946 7 0
1947 7 0
1948 7 0
1949 9 0
1950 9 0
1951 9 0
1952 6 0
1953 7 0
1954 7 0
1955 7 0
1956 2 0
1957 9 0
1958 9 0
1959 6 0
1960 7 0
1961 7 0
1962 7 0
1963 7 0
1964 9 0
1965 9 0
1966 9 0
1967 6 0
1968 7 0
1969 7 0
1970 7 0
1971 4 0
1972 9 0
1973 1 1
1974 9 0
1975 7 0
1976 7 0
1977 7 0
1978 7 0
1979 2 0
1980 9 0
1981 1 1
1982 6 0
1983 7 0
1984 7 0
1985 7 0
1986 7 0
1987 2 2
1988 9 0
1989 9 0
1990 6 0
1991 7 0
1992 7 0
1993 7 0
1994 4 4
1995 2 2
1996 9 0
1997 9 0
1998 6 0
1999 7 0
2000 7 0
2001 7 0
